7.27894e-05
0.000144347
4.92124e-06
-0.000125828
0.000155665
0.000305599
-2.47134e-05
-0.00014824
0.000114222
0.000228479
0.000111149
-8.41883e-05
0.000110128
0.000267722
2.01461e-05
-5.71496e-05
0.000115973
0.000243187
0.000106668
-6.65645e-05
0.000138093
0.000288142
1.96245e-05
-5.84551e-05
0.000137261
0.000232897
8.84151e-05
-5.74496e-05
0.000125649
0.000253761
-3.26153e-06
-0.00010186
0.000114111
0.000219674
5.87774e-05
-0.000112508
7.55933e-05
0.000207422
-7.47172e-05
-0.000110631
0.000100527
0.000157872
-3.04625e-06
-0.000161661
0.000116119
0.000295734
1.36294e-05
-0.000131879
4.30281e-05
0.000208021
0.000133747
-4.79156e-05
0.000113831
0.000236143
2.68446e-05
-9.22776e-06
0.000160077
0.000180726
-6.02714e-06
-0.000105753
0.000160113
0.00029562
-4.54479e-05
-0.000160003
4.40726e-05
0.000167424
-3.98577e-05
-0.000221921
-3.16117e-06
0.0001933
-4.81935e-05
-0.000162881
4.92325e-05
0.00016363
5.60509e-05
-0.000138454
6.01078e-05
0.000250984
9.14741e-06
-1.69406e-05
0.000177006
0.000265171
0.000118126
-2.77472e-05
0.00021206
0.000345739
7.99652e-05
-1.4432e-05
0.000216382
0.000330858
0.000158207
-3.11094e-05
0.000171495
0.000316198
6.23862e-05
-1.18706e-05
0.000171294
0.000257932
0.000109002
-3.83165e-05
0.000166068
0.000334077
7.83144e-05
-3.0762e-05
0.000163889
0.000278431
0.000182867
1.27e-05
0.00015849
0.000269259
5.03327e-05
2.20338e-05
0.00018057
0.000192574
1.75997e-06
-0.000112082
0.000149619
0.000304006
-3.50623e-05
-0.000150626
7.51976e-05
0.000223684
0.000111568
-0.000119866
3.40372e-05
0.00021363
4.45042e-06
-3.43261e-05
0.000137581
0.000207316
1.5264e-05
-0.000166944
4.01396e-05
0.000194263
-9.10962e-05
-0.000178795
-1.96726e-05
4.77715e-05
-7.02366e-05
-0.000166396
4.18026e-05
0.000100183
-0.0001938
-0.000218826
4.28917e-05
0.000129824
-7.5845e-05
-0.000292499
-2.2483e-05
0.000246674
-2.77498e-05
-0.000146229
1.84598e-05
0.000109083
1.95527e-05
-0.000122018
9.70057e-05
0.000250455
-1.28302e-05
-0.00010784
5.75849e-05
0.000173299
8.8164e-05
-0.000104804
2.48145e-05
0.0001464
-5.9794e-05
-1.2367e-05
0.000189454
0.000160538
-8.40423e-05
-0.000153622
0.000222429
0.000381657
-1.06493e-05
-0.000194227
5.36924e-05
0.000265533
0.000170594
-0.000118157
-8.49812e-06
0.000185928
2.2627e-05
2.59724e-05
0.000134539
9.42294e-05
-8.92649e-05
-0.000148618
0.000134826
0.000243903
-8.83211e-05
-0.000208346
5.96476e-06
0.000119697
4.98327e-06
-0.000202118
-3.8076e-05
0.000102377
-0.000161693
-0.000199668
-3.07889e-06
3.97633e-05
-0.000195163
-0.00037631
-6.98013e-05
0.000143902
-0.00013382
-0.000306656
-0.000132454
2.96054e-05
-2.39384e-05
-0.000173014
-2.88484e-05
8.1475e-05
-0.000131039
-0.000114075
7.38281e-05
9.66929e-05
-7.80943e-05
-0.000182652
9.65419e-05
0.000237263
-9.13717e-05
-0.000175983
9.16677e-05
0.000211614
2.94678e-05
-0.000171476
9.1048e-05
0.000307605
1.92954e-05
-0.000140597
4.3986e-05
0.000212568
0.000134599
-7.5171e-05
3.70066e-05
0.000166074
9.4149e-06
1.87279e-05
0.000142352
0.000139016
-1.01032e-05
-5.18262e-05
0.000202911
0.000296384
-7.93184e-05
-0.000174724
8.35453e-05
0.000178432
5.73687e-06
-0.000221196
-4.57212e-05
0.000159266
-0.000104807
-0.000171194
-9.80804e-06
7.86662e-05
-7.994e-05
-0.000290498
-0.00011039
7.32943e-05
-0.000154788
-0.000293888
-0.000186273
-0.000102234
-0.000180318
-0.000303915
-0.000165277
-0.000125804
-0.000405143
-0.000380824
-8.99021e-05
-4.55229e-05
-0.000309178
-0.000482499
-0.000179192
3.79425e-05
-0.00026476
-0.000440353
-0.000238418
-5.89883e-05
-0.000165281
-0.000378037
-0.000222121
-4.28897e-05
-0.000223508
-0.000277563
-0.000137295
-6.91639e-05
-0.000167934
-0.000296359
-0.00010827
2.60395e-06
-0.000262509
-0.00026555
-3.46877e-05
3.75034e-06
-0.000153429
-0.000299263
-4.17406e-06
0.000152702
-0.00014912
-0.00025754
-2.04771e-05
0.000165612
4.40287e-06
-0.0002246
-4.09422e-05
0.00015832
-4.21659e-05
-0.000179165
-5.70999e-05
1.0353e-05
-4.30939e-05
-0.000146471
1.72047e-05
0.000112549
-0.000152242
-0.000159031
4.08962e-05
0.000108675
-4.25364e-05
-0.000210374
6.03773e-05
0.000185922
-0.000107202
-0.000194936
5.40013e-05
0.000184267
-8.02245e-06
-0.000173724
3.07792e-05
0.000244157
-2.3176e-05
-0.000146698
2.02413e-05
0.000143306
2.97066e-05
-0.000131886
4.54963e-05
0.000174229
-3.24487e-05
-5.5511e-05
0.000105721
0.000134293
-3.87146e-05
-0.000156701
4.65955e-05
0.000190717
-0.000123899
-0.000193946
6.44735e-05
0.000158316
-2.2782e-05
-0.000224382
2.59776e-05
0.000217215
-2.58416e-05
-0.000157613
7.25183e-07
0.000124666
3.98494e-06
-0.000167389
-1.98412e-05
0.000131503
-9.27786e-05
-0.000172765
6.69106e-06
0.00010426
-1.88483e-05
-0.000146308
3.83542e-05
0.000156799
-6.64785e-05
-8.3921e-05
0.000117834
0.000166877
1.29879e-05
-9.60929e-05
0.000163115
0.000286585
-7.26197e-05
-0.000193706
0.000124482
0.000314275
9.85818e-05
-0.000165179
2.29711e-05
0.000253362
7.67118e-05
-5.71867e-05
1.08035e-05
8.63602e-05
7.14148e-05
-4.77956e-05
9.19567e-05
0.000124775
-0.000140523
-0.000100958
0.000167957
0.000228909
-3.99693e-05
-0.000199469
0.000121437
0.00032013
1.26446e-05
-0.000117088
7.94747e-05
0.000232981
0.000120677
-0.000112457
1.90855e-05
0.000198507
-2.1961e-05
-7.73678e-05
9.28528e-05
0.000140042
4.72973e-06
-0.00011412
8.95377e-05
0.000213065
-7.26156e-05
-0.000111648
0.000113339
0.000205333
7.6675e-05
-7.72054e-05
0.000132442
0.000242831
-3.53931e-05
-6.70436e-05
0.000146884
0.000245501
4.77464e-05
-0.000132625
0.000132845
0.000356568
7.2812e-05
-7.35108e-05
0.000127429
0.00027769
0.000201434
2.54133e-05
0.000167976
0.000255054
5.42685e-05
6.80782e-05
0.00022214
0.000217787
2.22204e-05
-7.1045e-05
0.000214729
0.000335314
2.35855e-07
-0.000127197
0.000126457
0.000226756
3.74174e-05
-0.000197443
2.18316e-05
0.000191801
-6.97928e-05
-0.000163468
5.93813e-06
0.000147963
-2.30233e-05
-0.000183281
-3.29365e-05
0.000131466
-0.000104332
-0.00020926
-3.05305e-05
7.52435e-06
-0.000106789
-0.000255538
-2.83491e-05
6.4842e-05
-0.000265546
-0.00034278
-0.000140796
8.72928e-06
-0.00017244
-0.000394092
-0.000212059
5.58156e-06
-0.000239347
-0.00032217
-0.00019175
-0.000157078
-0.000297177
-0.000381198
-0.000120194
-3.24682e-05
-0.000368128
-0.000478499
-0.000193681
-6.70619e-05
-0.00020499
-0.000449725
-0.000335645
-0.000122157
-0.000293791
-0.000337971
-0.000249325
-0.000227914
-0.000386159
-0.000496799
-0.000193109
-6.77363e-05
-0.000375456
-0.000516634
-0.000237185
-7.25136e-05
-0.000207923
-0.000410126
-0.000271616
-0.00011141
-0.000333516
-0.000334346
-0.00013874
-7.13571e-05
-0.000241564
-0.000422517
-0.000128274
5.41773e-05
-0.000186911
-0.000350828
-0.000213749
-8.28274e-05
-0.000135305
-0.000244787
-0.000118547
-8.91919e-06
-0.000250518
-0.000237809
3.13389e-06
7.04018e-05
-9.99855e-05
-0.000296032
-3.17153e-05
0.000160421
-6.42177e-05
-0.000134907
5.56698e-05
0.000172551
5.34728e-05
-3.81234e-05
0.000185701
0.000300164
-7.52417e-06
-0.000114051
0.000124805
0.000287226
0.000162563
-9.83483e-05
4.99923e-05
0.000219085
3.56176e-05
-1.62966e-05
0.000102016
7.32767e-05
-6.39249e-05
-0.000100429
0.000167565
0.000249037
-0.00012257
-0.000222243
4.43147e-05
0.000240873
9.92094e-05
-0.000146327
1.45832e-05
0.000163884
-4.69341e-05
-6.80365e-05
0.000131063
0.000167246
-5.73795e-05
-0.000136045
0.000130844
0.00037653
5.18549e-05
-0.000158065
1.94361e-05
0.000174652
0.000140755
-4.06913e-05
7.9775e-05
0.000136121
-5.96218e-05
-1.89376e-05
0.000208573
0.000208219
-5.30494e-05
-0.000192643
0.000126295
0.000335409
4.16731e-05
-0.000135105
4.23212e-05
0.000214612
0.000126015
-4.75611e-05
9.16275e-05
0.000213477
6.55655e-06
-5.21534e-05
0.000155318
0.000219653
5.72282e-05
-0.000106672
0.000110714
0.000278045
1.51914e-05
-5.28467e-05
0.000117651
0.000208367
6.24938e-05
-3.04676e-05
0.000189107
0.000272274
-4.38004e-05
-0.000112283
0.000124392
0.000230519
4.68835e-05
-0.00016131
6.3466e-05
0.000254915
2.10585e-05
-6.65518e-05
8.80736e-05
0.000207681
9.02279e-05
-7.13731e-05
0.000148426
0.000267676
-1.99773e-05
-0.000113815
4.79538e-05
0.00016077
6.30565e-05
-0.000102812
6.2009e-05
0.000164599
-7.85286e-05
-0.000107096
0.000120119
0.000126001
-0.000103473
-0.000241502
4.58745e-05
0.000221737
-8.93691e-05
-0.000265632
-7.16636e-05
7.58402e-05
-1.58573e-05
-0.000194762
-4.69063e-05
4.84869e-05
-0.000137086
-0.000155779
3.71977e-05
6.13661e-05
-0.000143246
-0.000294268
-1.98046e-05
0.000162219
-0.000109535
-0.000206588
-2.48682e-05
7.49072e-05
-6.33691e-05
-0.000176713
4.57965e-06
0.000115198
-0.000189746
-0.000252588
3.83348e-05
0.000146469
-6.99948e-05
-0.000302411
-5.14965e-05
0.000226874
-2.4366e-05
-0.000142713
-2.55324e-05
8.04749e-05
2.365e-05
-8.42285e-05
8.29224e-05
0.000147116
-0.000144898
-0.000210254
9.54965e-06
0.000112117
-4.39388e-05
-0.000238968
-3.13201e-05
0.000164643
-8.68785e-05
-0.000135098
8.27677e-05
0.000117863
-6.02185e-05
-0.000174527
9.79503e-05
0.000270968
-6.21595e-05
-0.000232137
-3.33906e-05
0.000140014
7.20599e-05
-0.00011801
-1.16457e-05
0.000111027
-9.1947e-05
-5.509e-05
9.64832e-05
8.80869e-05
-7.82838e-05
-0.000217732
5.72298e-05
0.000217519
-7.32749e-05
-0.000241271
-2.85892e-05
0.000129934
-6.41341e-06
-0.000151957
3.99063e-05
0.000170987
-0.000122947
-0.00017639
2.09745e-06
0.000105264
-1.37967e-05
-0.000217141
-1.42276e-05
0.000156971
-1.66625e-05
-9.40199e-05
2.85429e-05
6.90024e-05
-5.94965e-05
-0.000150908
5.26176e-05
0.000160272
-0.000182293
-0.000259924
5.72728e-06
8.23806e-05
-6.6915e-05
-0.000288303
-7.89114e-05
7.0147e-05
-0.000179877
-0.000214452
-2.03078e-05
8.25637e-05
-0.000137886
-0.000274824
-4.16361e-05
0.000131073
-0.000129081
-0.000279834
-0.000123192
1.30875e-06
-6.67073e-05
-0.000240653
-0.000110775
-5.20818e-06
-0.000232877
-0.000210928
1.26476e-06
1.11195e-05
-0.00018738
-0.000305326
-2.15433e-05
0.000144766
-0.00013762
-0.000221562
-4.51537e-06
0.000124724
-2.22593e-05
-0.000162139
5.88052e-05
0.000209229
-5.81963e-05
-0.00014445
8.42407e-05
0.000190032
5.60853e-05
-0.000198823
-3.53376e-06
0.000230552
5.53159e-05
-3.51131e-05
7.24092e-05
0.000122294
7.57998e-06
-3.28613e-05
0.000178248
0.000207138
-8.67172e-05
-0.000110431
0.000157602
0.000227147
5.94861e-06
-0.000196664
3.69196e-05
0.000266958
-4.11355e-05
-0.000186956
-4.60323e-05
2.14162e-05
-5.84471e-05
-0.000248349
-6.73253e-05
6.04872e-05
-0.000181248
-0.000249308
-0.000109314
-1.91659e-05
-0.000142789
-0.000256975
-8.04252e-05
2.04512e-05
-0.000213612
-0.000249253
-3.36557e-05
4.36832e-06
-0.000213461
-0.000324101
-2.09571e-05
0.00013358
-0.000206453
-0.000330107
-0.000111167
2.79686e-05
-0.000114267
-0.000339905
-0.000191921
1.24847e-05
-0.00019329
-0.000272788
-0.000143822
-3.73343e-05
-0.000105368
-0.000234281
-8.55308e-05
2.64531e-05
-0.000182687
-0.000148301
3.82331e-05
3.33602e-05
-0.000143598
-0.000263051
7.4961e-05
0.000244032
-0.000140853
-0.000279997
9.41455e-06
0.000224184
4.6503e-05
-0.000206551
-3.06844e-05
0.000203908
4.86007e-05
-5.7428e-05
0.000110683
0.000166157
0.000112789
1.46041e-05
0.000202111
0.000312734
6.50882e-05
6.86273e-05
0.00025617
0.000327657
0.000177947
6.19034e-05
0.000319702
0.000455816
0.000157332
0.000124074
0.000397772
0.000454329
0.000231426
-3.4304e-06
0.000269448
0.000502644
0.000217373
2.43526e-05
0.000183994
0.000331044
0.000291797
0.000146082
0.000221841
0.000311271
0.000119875
0.000122683
0.000301017
0.000316051
0.000155877
1.81378e-05
0.000296728
0.000432962
0.000111259
1.2625e-05
0.00023227
0.000327874
0.000165216
1.40885e-05
0.000265897
0.000387834
9.16321e-05
4.65155e-06
0.000234457
0.000425311
0.000274364
2.87967e-05
0.000185069
0.000402468
0.000220185
0.000121991
0.000183146
0.000219871
0.000185216
0.000152403
0.000352515
0.000377287
4.13456e-05
5.65515e-05
0.000350169
0.00043383
0.000170857
-6.30743e-05
0.000175711
0.000362901
9.86777e-05
-3.9026e-05
0.000129222
0.000222347
6.4934e-05
-8.35556e-05
0.000110941
0.000288032
6.72494e-06
-0.000117586
6.6288e-05
0.000161959
0.000101699
-5.76563e-05
8.48178e-05
0.000152575
-8.33341e-05
-6.26362e-05
0.000130539
0.000138941
-8.08884e-05
-0.000202363
0.000100178
0.000237195
-0.000143282
-0.000262439
-1.99015e-05
0.000181884
2.21373e-05
-0.000228398
-5.68338e-05
0.000168197
-3.87407e-05
-0.000175075
-2.6307e-05
9.65728e-05
1.57582e-05
-0.000130014
-1.75502e-05
7.54031e-05
-0.000153631
-0.000151862
3.19934e-06
-1.57669e-06
-0.000176558
-0.000285797
-2.98001e-05
0.000101805
-0.000236991
-0.000328701
-5.58981e-05
5.89573e-05
-0.00013579
-0.000365867
-0.000145474
5.6228e-05
-0.000177888
-0.000303291
-0.000156426
-9.65324e-06
-0.000115986
-0.000264533
-0.000103054
2.39918e-05
-0.000219756
-0.000286196
-6.37456e-05
-1.03157e-05
-0.00014661
-0.000269599
-7.37066e-05
7.12251e-05
-0.000165961
-0.00022734
-1.94235e-05
4.45501e-05
-0.000154531
-0.000291473
-2.71208e-05
8.54004e-05
-0.000226741
-0.000320865
-0.000105796
4.91506e-05
-0.00012306
-0.000362977
-0.000198636
2.02339e-05
-0.000140129
-0.00022977
-0.000120825
-7.93218e-05
-0.000130545
-0.000227333
7.59833e-06
9.805e-05
-0.000232179
-0.000287899
-5.88775e-05
2.73242e-05
-0.000150718
-0.000351631
-0.000119359
4.24011e-05
-0.000209046
-0.000264122
-7.51572e-05
-3.5213e-05
-0.000212
-0.000328805
-9.54153e-05
5.71093e-05
-0.000243185
-0.000373339
-0.000159482
4.83266e-06
-0.000145952
-0.000371823
-0.000224134
-8.02289e-05
-0.000257148
-0.000270032
-0.000126007
-0.000121654
-0.000296802
-0.000351411
-6.3277e-05
7.80036e-05
-0.000262051
-0.000361623
-9.18854e-05
2.63171e-05
-0.00013276
-0.000352695
-0.000133191
4.08964e-05
-0.000253346
-0.000330818
-0.000148613
-5.5484e-05
-0.000243959
-0.000431721
-0.000220132
-1.83861e-05
-0.000257061
-0.000392329
-0.000261676
-0.0001517
-0.000256791
-0.00035997
-0.000161184
-8.94585e-05
-0.000359672
-0.000350284
-0.00011134
-2.18439e-05
-0.000255295
-0.000436486
-0.000150272
6.63076e-05
-0.000238038
-0.000401233
-0.000223556
-8.16592e-05
-0.000129376
-0.000266358
-9.98851e-05
5.56299e-05
-0.000161878
-0.000183179
3.07361e-05
0.000153775
-2.77378e-05
-0.000200336
4.93584e-05
0.000261886
1.73845e-05
-8.56053e-05
6.3942e-05
0.000107749
1.4228e-05
-2.93931e-05
0.000190798
0.000245901
-5.22874e-05
-7.56536e-05
0.000206306
0.000358972
0.00014249
-9.80213e-05
0.000156883
0.00040076
0.000190607
5.16658e-05
0.00015245
0.000243549
0.00018461
6.78437e-05
0.000266978
0.000325614
3.20054e-05
-2.21373e-05
0.000172007
0.000262089
7.94576e-05
-0.000104314
6.37441e-05
0.000215881
-3.00957e-05
-7.94599e-05
9.61295e-05
8.94641e-05
-9.41403e-05
-0.000215839
6.09412e-05
0.000251738
-8.2164e-05
-0.000213508
-1.3308e-05
0.000178498
5.45835e-05
-0.000129166
2.00683e-05
0.000116144
-6.78345e-05
-7.54028e-05
0.000123696
0.000171313
-4.91066e-05
-0.000212531
8.21746e-05
0.000337921
3.24254e-05
-7.81088e-05
4.77306e-05
0.000160653
0.000112262
1.52616e-05
0.000213814
0.000270297
-2.4492e-05
-1.77775e-05
0.000332073
0.000416962
9.24013e-05
-0.000155632
0.000117321
0.000454395
0.000216249
-5.42548e-06
2.89298e-05
0.000121962
0.000155798
6.11542e-05
0.000185893
0.000189788
-4.76838e-05
3.99329e-06
0.000270019
0.000335177
6.03615e-05
-0.000133646
0.00014195
0.000344057
7.31262e-05
-2.10464e-05
0.000128968
0.000210175
0.000107137
2.92695e-06
0.000219608
0.000335013
-7.09385e-06
-9.52371e-05
0.000142932
0.000288335
0.000131944
-8.56302e-05
0.000104964
0.0002261
2.10736e-05
-1.74474e-05
0.00014023
0.000143685
-6.21117e-05
-0.000154765
8.87242e-05
0.000245331
-7.73005e-05
-0.000189134
4.63702e-05
0.000170311
7.29194e-05
-0.000136414
6.23235e-05
0.000177364
-8.56263e-05
-8.46152e-05
0.000118126
0.000199602
-1.61443e-05
-0.000212635
5.16283e-05
0.000274418
2.67892e-05
-0.000137705
-1.36319e-05
9.88452e-05
4.30376e-05
-8.14887e-05
5.65768e-05
7.7649e-05
-0.000205614
-0.00019039
5.47724e-05
8.54326e-05
-0.000148706
-0.000343668
-4.99055e-05
0.000178821
-0.000109238
-0.000240723
-9.98258e-05
3.83586e-05
-5.15023e-05
-0.000196011
3.4056e-06
0.000128404
-0.000114208
-0.000187315
4.1631e-05
0.000158627
5.6236e-05
-9.67239e-05
7.67074e-05
0.000256287
2.65794e-05
3.58483e-05
0.000204906
0.000218712
6.51791e-05
-5.39081e-05
0.000243968
0.000349817
1.45981e-05
-0.000134235
7.55838e-05
0.000223682
8.26091e-05
-0.000139334
-1.63175e-05
0.000114014
-0.000117103
-0.000173064
-1.15156e-05
3.80739e-05
-0.00016379
-0.00033442
-0.000105579
7.80697e-05
-0.00018662
-0.000336872
-0.000190284
-3.06688e-05
-8.36885e-05
-0.000240903
-0.000103353
-1.60015e-05
-0.000250743
-0.000218149
2.95896e-05
4.82395e-05
-0.000150515
-0.000316529
-3.6459e-05
0.00018903
-0.000116809
-0.000245004
-8.30321e-05
5.49982e-05
4.59018e-07
-0.000131427
1.88957e-05
0.000125956
-9.32656e-05
-8.00548e-05
0.00011815
0.000227355
5.05242e-05
-0.000117833
0.000132161
0.000290777
-8.77713e-06
-7.25915e-05
0.000111313
0.000171684
4.97869e-05
-4.98778e-05
0.000173299
0.000316117
-1.73143e-05
-0.000106528
0.000145708
0.000275511
8.85685e-05
-0.000140558
4.34789e-05
0.000263212
6.82047e-05
-3.33581e-05
8.59631e-05
0.000204373
0.000115283
-2.33813e-05
0.000165998
0.000255238
6.02435e-06
-3.09861e-05
0.00019035
0.000260163
0.000108031
-5.13014e-05
0.00016386
0.000303291
1.40294e-05
-5.26037e-05
0.000152987
0.000223933
7.454e-05
-0.000123453
9.78521e-05
0.000284188
2.60114e-05
-0.000102355
4.75046e-05
0.000157722
6.84428e-05
-8.82343e-05
8.65623e-05
0.000206179
-2.15911e-05
-8.28554e-05
0.000131456
0.000211932
3.22032e-05
-0.000113314
8.12799e-05
0.000200936
-6.40142e-05
-0.000130634
0.000102963
0.000165254
-3.49363e-05
-0.000216013
8.96769e-05
0.000294308
-5.60268e-05
-0.000205529
1.62997e-05
0.000221622
0.000120905
-0.000165974
-4.68817e-05
0.000141352
3.17208e-05
-2.73855e-05
7.19362e-05
5.96554e-05
-6.27834e-05
-0.000114693
0.000124585
0.000202225
-0.000160626
-0.000211655
6.51563e-05
0.00016894
-1.05381e-05
-0.000214701
3.16724e-05
0.000234427
-7.12356e-05
-0.000216515
1.72852e-05
0.000152594
1.13798e-05
-0.000220019
-3.73653e-05
0.000172154
-1.36788e-05
-0.00010472
-2.7917e-05
1.94484e-05
-4.44233e-05
-0.000101693
6.83074e-05
8.61425e-05
-0.000187431
-0.000157845
0.000146567
0.000209122
-4.28176e-05
-0.000226144
4.93367e-05
0.000246286
-2.03284e-05
-0.000147731
-1.34352e-05
0.000119077
-2.32691e-05
-0.000151768
1.82764e-05
0.000168775
-8.41251e-05
-0.000148164
9.99537e-05
0.000204886
2.36647e-05
-0.000188765
4.48804e-05
0.000229067
4.07807e-05
-2.73014e-05
0.000112107
0.00015816
3.115e-05
-4.50182e-05
0.00015911
0.000254623
-0.00011062
-0.000170105
0.000118117
0.000236945
3.30112e-05
-0.000219083
7.22959e-06
0.000210592
1.62589e-05
-7.70417e-05
5.57476e-05
0.000159984
3.21197e-05
-0.000132855
4.09552e-05
0.000199949
-5.06164e-05
-0.000121456
3.40859e-05
0.000113258
1.55709e-06
-0.000132108
6.46215e-05
0.000139015
-0.000160032
-0.000150217
9.86453e-05
0.000154973
-9.08934e-05
-0.000277294
-3.57169e-05
0.000178383
-0.000120123
-0.000289466
-0.000132458
-4.59176e-05
-0.000132678
-0.00030118
-8.75958e-05
8.20038e-05
-0.000223874
-0.000283047
-0.000109673
-6.55023e-06
-0.000115878
-0.000315161
-0.000171071
-3.5991e-05
-0.000208691
-0.000248449
-4.20789e-05
-3.27395e-05
-0.000197551
-0.000302404
-1.71542e-05
0.000136234
-0.000236188
-0.00039375
-0.000151569
6.82427e-05
-2.63659e-05
-0.000287903
-0.000145935
7.06003e-05
-9.03048e-05
-0.000142783
-1.65469e-05
-3.92217e-05
-0.000173605
-0.000257863
-4.17773e-05
4.68862e-05
-0.000245018
-0.000312461
-8.58137e-05
6.17121e-05
-0.000132286
-0.000316375
-0.000115382
9.56758e-06
-0.000262667
-0.000288249
-9.64076e-05
-5.62652e-05
-0.000235338
-0.000402928
-0.000171362
2.20517e-05
-0.000248835
-0.000391837
-0.000211914
-8.71052e-05
-0.000202867
-0.000388172
-0.00020931
-0.000100938
-0.000357903
-0.000393667
-0.000200782
-0.000135562
-0.000291671
-0.000423174
-0.000193056
-6.59127e-05
-0.000340552
-0.000402323
-0.000180428
-9.29577e-05
-0.000244028
-0.000400278
-0.000191741
-8.88011e-06
-0.000286378
-0.000400048
-0.000185789
-6.58692e-05
-0.000204529
-0.000369856
-0.000189426
-6.64019e-06
-0.000292924
-0.000361729
-0.000161132
-6.84739e-05
-0.000228648
-0.000387787
-0.000197818
-1.60846e-05
-0.000249338
-0.000324207
-0.000158223
-0.000114059
-0.000263835
-0.000408083
-0.000195217
-9.38295e-05
-0.00039603
-0.000472326
-0.000256773
-0.000145296
-0.000340364
-0.00052743
-0.000327605
-0.00012807
-0.00036973
-0.000494908
-0.000334077
-0.000230175
-0.000331602
-0.000500219
-0.000315266
-0.000198983
-0.000439138
-0.000486802
-0.000265867
-0.000184695
-0.000348115
-0.000468633
-0.000229232
-5.99798e-05
-0.00033746
-0.000401195
-0.000157116
-4.67527e-05
-0.000165228
-0.000328251
-8.5599e-05
0.00010134
-0.000121823
-0.000210032
-1.41351e-05
0.000153245
4.26446e-05
-9.30376e-05
0.000128611
0.000295903
8.54988e-05
6.90516e-05
0.000264856
0.000371766
0.000258832
0.000134521
0.00037598
0.000506259
0.00025021
0.000206655
0.000436812
0.000550853
0.000421715
0.000302536
0.000537172
0.000695039
0.000428622
0.000385596
0.000620492
0.000743649
0.000546049
0.00036388
0.000578266
0.000767861
0.0005625
0.000475774
0.000664308
0.000741269
0.000626807
0.000508926
0.000719881
0.000857898
0.000594697
0.000575656
0.000818044
0.000973026
0.000808606
0.000623588
0.000879853
0.00105454
0.000804432
0.000715562
0.000929358
0.000994455
0.000856037
0.000675816
0.000875478
0.00103146
0.000725141
0.000644688
0.000813424
0.000932569
0.00079838
0.000610922
0.000760456
0.000853484
0.000638218
0.000526587
0.00070093
0.000728001
0.000536421
0.000386623
0.000582115
0.000705074
0.000379667
0.000283628
0.000435232
0.000464046
0.000292069
0.000137647
0.000330558
0.000406212
5.06187e-05
-6.14834e-05
0.000162843
0.000265045
1.53644e-05
-0.000301749
-0.000102721
6.10611e-05
-0.000179723
-0.000312763
-0.000250265
-0.000236442
-0.000363923
-0.000474471
-0.00032199
-0.000257523
-0.000586048
-0.000672372
-0.000442281
-0.000355916
-0.000565862
-0.000764903
-0.000571605
-0.000444435
-0.000680842
-0.000782757
-0.000639063
-0.000592596
-0.000760939
-0.00092901
-0.000714536
-0.000575867
-0.000893342
-0.000980983
-0.00077726
-0.000681902
-0.000814386
-0.0010033
-0.000815496
-0.000722313
-0.000984867
-0.00103803
-0.000855876
-0.000754013
-0.000907401
-0.00104939
-0.000844878
-0.000660141
-0.000912803
-0.00090301
-0.000696882
-0.000608588
-0.000738426
-0.000845693
-0.000573246
-0.000404615
-0.000672551
-0.000780579
-0.000506472
-0.000336798
-0.000454564
-0.000636336
-0.000427204
-0.000205631
-0.0004235
-0.000460228
-0.000313464
-0.00021978
-0.000306879
-0.000417321
-0.000169908
-4.87238e-05
-0.000303531
-0.000382989
-0.000150044
-5.80154e-05
-0.000202955
-0.000316916
-8.97445e-05
0.000101841
-0.000156873
-0.000197455
2.34713e-05
0.000152605
-9.07516e-06
-0.000239672
2.47894e-05
0.00028072
2.23677e-05
-9.83358e-05
1.42294e-05
0.000131934
9.63289e-05
2.14305e-06
0.000114316
0.000210771
-2.16189e-05
-1.71637e-05
0.000228633
0.000240104
-7.49769e-06
-0.000156802
0.000123986
0.000252459
-4.3144e-05
-0.000223027
-4.05141e-05
9.93308e-05
-7.30649e-05
-0.000304332
-0.000157312
-6.98545e-06
-0.00033422
-0.000429106
-0.000292903
-0.000224323
-0.000383422
-0.000616618
-0.000512509
-0.000410637
-0.000697516
-0.000796647
-0.000717559
-0.000768429
-0.000993177
-0.00116393
-0.000946008
-0.000883206
-0.00128006
-0.0014523
-0.00125613
-0.00112403
-0.00136867
-0.00168486
-0.0015896
-0.00146528
-0.00170274
-0.00184915
-0.00180329
-0.00180417
-0.00198457
-0.00220384
-0.00205399
-0.00196571
-0.0022765
-0.00242623
-0.0022922
-0.00223249
-0.0024078
-0.00255426
-0.00244956
-0.0023605
-0.00262446
-0.0026118
-0.00237308
-0.002406
-0.00266321
-0.00281199
-0.00245803
-0.00221398
-0.00260108
-0.00282235
-0.00261447
-0.00237367
-0.00242586
-0.00263032
-0.00250497
-0.00233806
-0.00243473
-0.00239039
-0.00222521
-0.00216756
-0.0023235
-0.00234311
-0.00200445
-0.00178583
-0.00202707
-0.00202493
-0.0017513
-0.00160339
-0.00163642
-0.00165516
-0.0012933
-0.00107318
-0.00128157
-0.00124847
-0.000813347
-0.00047404
-0.000534243
-0.000704736
-0.000371582
6.14289e-05
8.8231e-05
0.000141661
0.000357928
0.0005363
0.000719923
0.000919185
0.00131301
0.00151658
0.0013944
0.00160667
0.0021456
0.00251709
0.00249702
0.00253019
0.00298694
0.00344859
0.00354592
0.00387143
0.00444456
0.00494057
0.0054125
0.00615236
0.0075978
0.00932078
0.0108689
0.0132844
0.0169846
0.0219858
0.028006
0.0353567
0.0444901
0.0559249
0.0691948
0.0851197
0.102895
0.123292
0.145641
0.172128
0.201197
0.234364
0.269129
0.309258
0.351565
0.3988
0.445931
0.497067
0.546558
0.59903
0.647021
0.696982
0.740598
0.785009
0.821531
0.858801
0.887593
0.917058
0.937279
0.958827
0.971284
0.985272
0.990694
0.998523
0.998027
1
0.993776
0.991267
0.981423
0.975016
0.961491
0.952037
0.93641
0.925144
0.907562
0.894531
0.875962
0.861908
0.842767
0.828251
0.808927
0.794104
0.774529
0.759717
0.740748
0.726052
0.707406
0.693165
0.675396
0.661711
0.64418
0.630983
0.614457
0.601737
0.585555
0.573195
0.558104
0.546546
0.531463
0.5202
0.506359
0.495872
0.482449
0.472348
0.459763
0.450275
0.438055
0.42884
0.417375
0.408363
0.397221
0.388633
0.378275
0.370375
0.359968
0.352411
0.343087
0.335916
0.326662
0.319682
0.311265
0.304645
0.296125
0.289632
0.281898
0.275871
0.267988
0.262037
0.254934
0.249654
0.242475
0.237083
0.230558
0.225596
0.219249
0.214195
0.208233
0.203662
0.197675
0.193243
0.187859
0.183588
0.178192
0.174016
0.169256
0.165461
0.160277
0.156482
0.152057
0.148563
0.143959
0.140327
0.136339
0.133195
0.12893
0.125698
0.122042
0.119077
0.115294
0.112235
0.108943
0.106288
0.102649
0.0998854
0.0968282
0.0942967
0.0910703
0.0884642
0.0857363
0.0834216
0.0802904
0.0779557
0.0755175
0.0733997
0.0706039
0.068247
0.0661109
0.064259
0.0616214
0.0595149
0.0574367
0.055667
0.0534008
0.0514267
0.0495802
0.0479447
0.0457559
0.0439908
0.0422955
0.0408166
0.0388764
0.037134
0.0356111
0.0342568
0.0324275
0.0309488
0.0295607
0.0282341
0.0266552
0.0252501
0.0241315
0.0229741
0.0213902
0.0201239
0.0191378
0.0181666
0.0168124
0.0155332
0.0146294
0.0138547
0.0126251
0.0115835
0.0106907
0.00992845
0.00898526
0.00802339
0.00735596
0.00665582
0.00565239
0.00485445
0.00433466
0.00374676
0.00285545
0.00201912
0.00157803
0.0012171
0.000378162
-0.000291896
-0.000686418
-0.00102322
-0.0016534
-0.00219448
-0.00242976
-0.00268809
-0.00332313
-0.00377496
-0.00389103
-0.00406745
-0.00456301
-0.00510958
-0.00525412
-0.00524575
-0.00565177
-0.00598888
-0.00615826
-0.00626986
-0.00657371
-0.00677864
-0.0068114
-0.00688778
-0.00735397
-0.00749301
-0.00734786
-0.00730354
-0.00762183
-0.00791958
-0.00779418
-0.00760302
-0.00782785
-0.00798099
-0.00791025
-0.00779142
-0.00796126
-0.00809829
-0.00791724
-0.00776779
-0.00801496
-0.008068
-0.00789766
-0.00773582
-0.00782587
-0.00792336
-0.00774194
-0.00752991
-0.00768767
-0.00762547
-0.00737763
-0.00721994
-0.00733713
-0.00740596
-0.00707373
-0.0067456
-0.00692413
-0.00699757
-0.00674479
-0.00646262
-0.00647358
-0.00652016
-0.00628674
-0.00604936
-0.00618093
-0.00606931
-0.00582795
-0.00559699
-0.0056978
-0.00579462
-0.00544488
-0.00513408
-0.00523215
-0.0052449
-0.00503744
-0.00482548
-0.00482761
-0.00481479
-0.00454658
-0.00436026
-0.00454422
-0.0044715
-0.00409829
-0.0038314
-0.0039596
-0.0040353
-0.00367501
-0.00332048
-0.00344543
-0.00348048
-0.00327858
-0.00303378
-0.00301183
-0.00302744
-0.00276039
-0.0025507
-0.00266867
-0.00264471
-0.00235839
-0.00212886
-0.00220625
-0.00228052
-0.00202351
-0.00176204
-0.00187235
-0.00183101
-0.00158597
-0.00140331
-0.00142418
-0.00146686
-0.00113694
-0.000912642
-0.0010556
-0.00102255
-0.000744099
-0.000492682
-0.000551995
-0.00065432
-0.000364763
-9.45406e-05
-0.000179002
-0.000183967
7.45356e-05
0.000259413
0.000235268
0.000199812
0.000463168
0.000671512
0.00054917
0.000572224
0.000801985
0.000967766
0.000902093
0.000850967
0.00112255
0.00128362
0.00111134
0.00108544
0.00139215
0.0015715
0.00146423
0.00132649
0.00160888
0.00182398
0.00170289
0.00167783
0.00185122
0.00203875
0.00203131
0.00194411
0.00211861
0.00226159
0.00210989
0.00210236
0.00233577
0.00241395
0.00226664
0.0021551
0.00244402
0.00259515
0.00232578
0.00223725
0.00244065
0.00262057
0.00249606
0.00227617
0.00241989
0.00257711
0.00244173
0.00233407
0.00243558
0.00250369
0.00238467
0.00223291
0.00241609
0.00252061
0.00223945
0.00212325
0.00225876
0.00231175
0.00214505
0.00194805
0.00210632
0.00214442
0.00193466
0.00187026
0.00202058
0.0020779
0.00186658
0.00167179
0.00190914
0.0020601
0.00179002
0.00162965
0.0017521
0.00187502
0.00179003
0.00163038
0.00175873
0.00179676
0.001577
0.00154503
0.00176565
0.00180366
0.00157074
0.00135839
0.00160642
0.0017888
0.00153984
0.00134599
0.00145311
0.00157067
0.00147974
0.00134248
0.00147095
0.00157301
0.00133618
0.00129387
0.00148734
0.00157557
0.00142166
0.00122845
0.00147333
0.00167962
0.00147072
0.00136962
0.00149769
0.0016252
0.0015706
0.00143994
0.0016211
0.00175047
0.00151687
0.00146928
0.00166853
0.00181311
0.00167479
0.00154741
0.00174859
0.00188729
0.00171825
0.00163267
0.00181546
0.00190776
0.00176991
0.00165248
0.00190245
0.00206698
0.00184394
0.00172926
0.0019503
0.00214693
0.00205217
0.00189018
0.00203276
0.00218442
0.00201329
0.0019678
0.0021462
0.00217475
0.00207442
0.00190046
0.00213435
0.00227932
0.00203336
0.00193021
0.00204291
0.0021861
0.00208197
0.00194917
0.00212397
0.00220134
0.00196776
0.00186878
0.00213984
0.00223577
0.00203178
0.00180284
0.00202497
0.00227317
0.00205742
0.00189705
0.00192787
0.00201142
0.00198092
0.00185079
0.00197555
0.00197221
0.0017127
0.00166735
0.00190643
0.0019303
0.00164508
0.00141385
0.00161038
0.00176724
0.00153795
0.00137084
0.00148065
0.00157225
0.00141475
0.00122593
0.00144276
0.00151417
0.00123087
0.00109765
0.00126393
0.0014004
0.00128529
0.00104317
0.00112631
0.00124276
0.0010836
0.00103421
0.00110253
0.00108671
0.000873393
0.000778278
0.00104763
0.00110515
0.000736415
0.000628942
0.000865613
0.000978685
0.000835322
0.00059714
0.000767251
0.00091856
0.000743301
0.000630702
0.00078752
0.000870789
0.000685088
0.000513415
0.000757494
0.000942261
0.000719143
0.000594268
0.000712726
0.000838852
0.00081841
0.00070001
0.000845338
0.000881314
0.000684
0.000733448
0.000999689
0.0010374
0.000841121
0.000704456
0.00101844
0.00128238
0.00102981
0.000870761
0.0010141
0.00118789
0.00112719
0.000987887
0.00111793
0.00121286
0.00101271
0.00099013
0.00116568
0.00125332
0.00110466
0.000930336
0.0011152
0.00129855
0.00117183
0.00113648
0.0013226
0.0013708
0.00121818
0.00113912
0.00145834
0.00158417
0.00127673
0.00116559
0.00143819
0.00165324
0.00155982
0.00135234
0.00154503
0.00172961
0.00154299
0.00145016
0.00154901
0.00158634
0.0013982
0.00124686
0.00149841
0.00168801
0.00151851
0.00147434
0.00163448
0.00174148
0.00166455
0.00151552
0.00164923
0.00164536
0.00132961
0.001274
0.00152085
0.00155605
0.0012805
0.00105356
0.0013257
0.00156112
0.00135199
0.00116686
0.00126094
0.0013521
0.00128881
0.00111463
0.00123224
0.00125598
0.000972555
0.000945714
0.00120121
0.00122713
0.00101461
0.000796761
0.000992491
0.00112834
0.000922685
0.000840518
0.00093659
0.000926762
0.000770556
0.000692657
0.000961017
0.00102532
0.000666667
0.000602619
0.00095191
0.0011751
0.000978345
0.000702578
0.000899669
0.00115328
0.000983829
0.000885345
0.000944659
0.000965282
0.00085296
0.00077281
0.00102623
0.00110065
0.000806849
0.000732729
0.000970893
0.00109104
0.000944045
0.000767466
0.000952943
0.00112074
0.000912341
0.000867927
0.0010835
0.00114914
0.000960533
0.000783649
0.00106621
0.00128322
0.00101479
0.000871127
0.0010539
0.00121429
0.00115892
0.000987025
0.0011461
0.00123515
0.00106389
0.00108943
0.00131244
0.00137109
0.00122062
0.00111664
0.00137664
0.00153896
0.00128216
0.00120949
0.00141533
0.00152082
0.00141201
0.00130503
0.00157867
0.00172632
0.0014605
0.00138559
0.00167937
0.00188114
0.00172709
0.00147744
0.00167709
0.00189644
0.00180081
0.00172315
0.00183158
0.00187276
0.00185175
0.00183178
0.0020828
0.00212787
0.00179124
0.00179359
0.00210738
0.00227475
0.00204129
0.00179176
0.00201556
0.00221596
0.00201412
0.00188826
0.00201249
0.00207815
0.00195713
0.00181716
0.00209271
0.00222144
0.00191949
0.00184111
0.0020313
0.00219786
0.00207926
0.00189395
0.00203182
0.0021184
0.00192823
0.00189135
0.00206926
0.00205079
0.00187047
0.00171882
0.00198154
0.00210578
0.00179142
0.00162301
0.00176121
0.0018662
0.00174258
0.00158019
0.00173652
0.00180497
0.00150439
0.00143586
0.00165704
0.00173081
0.00151583
0.00124296
0.00141255
0.00160269
0.00141053
0.00124858
0.00128863
0.00129127
0.00119347
0.00112634
0.00129713
0.00125315
0.000890838
0.00089402
0.0012138
0.00133199
0.00105271
0.000773677
0.00100372
0.00121706
0.00101293
0.000887897
0.000987685
0.00104289
0.000964687
0.0008653
0.00107487
0.00112205
0.000814285
0.000750435
0.000990577
0.00109559
0.000932213
0.000781623
0.000950099
0.00114179
0.000906943
0.000862846
0.00106049
0.00111792
0.000938051
0.000800405
0.00110118
0.00122058
0.000920356
0.000791712
0.0010422
0.00119684
0.00109162
0.000891517
0.00107282
0.00121949
0.00099671
0.000962849
0.00111642
0.00121409
0.00109739
0.000945687
0.00116225
0.00130829
0.00109736
0.00106563
0.00127641
0.00132099
0.00118216
0.00108022
0.00132637
0.001437
0.00114583
0.00109872
0.00137828
0.00154621
0.001414
0.00122839
0.00144856
0.00163543
0.00140177
0.00133199
0.00152301
0.00160855
0.00148886
0.0013881
0.00160772
0.00169878
0.0014423
0.00141261
0.00162279
0.00172169
0.00154579
0.00141476
0.00164067
0.00177183
0.00150734
0.00146098
0.00167472
0.00177055
0.00162084
0.00146962
0.00170993
0.00187096
0.0016163
0.00152049
0.00171911
0.00183697
0.00168379
0.0014839
0.00167822
0.00181911
0.00157179
0.00149421
0.00165666
0.0016671
0.00152504
0.00137973
0.00155242
0.00163018
0.00136028
0.00125933
0.0014456
0.00153536
0.00131592
0.00108562
0.00129498
0.00144884
0.00119564
0.00109724
0.00120423
0.00126989
0.00114347
0.000990136
0.00120252
0.00129548
0.00102138
0.000950257
0.00116644
0.00126775
0.00108017
0.000871132
0.00103893
0.00121737
0.000970454
0.000896396
0.00104202
0.00107476
0.000959102
0.000844022
0.00106178
0.00112462
0.000811426
0.000728915
0.00098822
0.00111781
0.000920647
0.000707935
0.000914446
0.00111762
0.000853004
0.000728094
0.000902059
0.000989648
0.000861074
0.000700327
0.000902157
0.00106531
0.000795452
0.000714607
0.000883841
0.000986246
0.000882142
0.000744156
0.000914236
0.00105768
0.000818674
0.000826912
0.00105182
0.00114503
0.000966432
0.000823047
0.00112106
0.00129499
0.00107523
0.00093606
0.00111571
0.00129253
0.00117542
0.00102394
0.00116823
0.00135517
0.00114639
0.00114395
0.00137798
0.00140706
0.00126592
0.0011023
0.0013654
0.00155543
0.00132088
0.00126054
0.00146178
0.00162413
0.00153409
0.00146871
0.00168035
0.00176196
0.00151808
0.00151212
0.00179419
0.00189856
0.00169543
0.00150318
0.00179339
0.0020112
0.001741
0.00157587
0.00173766
0.0018922
0.00182042
0.00164308
0.00179763
0.00192108
0.00170992
0.00172408
0.00188517
0.00189502
0.00175576
0.00163335
0.00191906
0.00201027
0.00168351
0.00159727
0.00184289
0.00196023
0.001791
0.00158359
0.00179583
0.0019766
0.00173067
0.00157395
0.00171712
0.00183545
0.00174889
0.00154446
0.00168018
0.00180543
0.0016357
0.00161438
0.00174505
0.00174632
0.001623
0.00152028
0.00179674
0.00188038
0.00152657
0.00147744
0.00173674
0.00183681
0.00167361
0.00145484
0.00167911
0.00185602
0.00158665
0.0014674
0.00168225
0.00177753
0.0015882
0.00138908
0.00158799
0.00179026
0.00153492
0.00141479
0.00155943
0.00162644
0.00163592
0.00153087
0.0016868
0.00171097
0.00147227
0.00153063
0.00178579
0.00177411
0.00151805
0.00137059
0.00170225
0.00192405
0.00160647
0.0014041
0.00164867
0.00181446
0.00172998
0.00149169
0.00166265
0.00185607
0.00166327
0.00157747
0.00168639
0.00180454
0.00172754
0.00162506
0.00183728
0.00192016
0.0017076
0.00170979
0.00197279
0.00198301
0.00178008
0.0016531
0.00195095
0.0020879
0.00175026
0.0016526
0.00188623
0.00204458
0.00188366
0.00166115
0.00184165
0.0020567
0.00181401
0.00166204
0.00181445
0.00190542
0.00184428
0.00167676
0.00181513
0.00190695
0.00166113
0.00165644
0.00184442
0.00184284
0.0016533
0.00150332
0.00176804
0.00189509
0.00154632
0.00140127
0.00165735
0.00176566
0.00159318
0.00137279
0.00156393
0.00173641
0.0014459
0.00129882
0.00148715
0.00160606
0.00149171
0.00126894
0.00141953
0.00157747
0.00140239
0.00130414
0.00139127
0.00141147
0.00132988
0.00124284
0.00142288
0.00144673
0.00111396
0.00109638
0.00135935
0.00144708
0.00113638
0.000903003
0.0012084
0.00140775
0.00112877
0.000910416
0.00104486
0.00113212
0.00107349
0.000891603
0.00101691
0.00114055
0.000900256
0.000860947
0.00102843
0.00109143
0.000964175
0.000785323
0.000945925
0.00105766
0.000826585
0.000761075
0.000937127
0.000940833
0.000750279
0.000668584
0.000972683
0.00107936
0.000709422
0.000583588
0.000908154
0.00108463
0.000905737
0.00061866
0.000797645
0.00105463
0.000859001
0.000754738
0.000832048
0.00090527
0.000848361
0.000739395
0.000971521
0.00103685
0.000775248
0.000761858
0.00104361
0.00112867
0.000956483
0.00080088
0.00101968
0.00120387
0.000922585
0.000858101
0.00107982
0.00119458
0.00102943
0.000835024
0.00112402
0.00136512
0.00111406
0.000946747
0.00112401
0.00131124
0.00127514
0.00107148
0.00115592
0.00125432
0.00111599
0.00114216
0.0013307
0.00131686
0.00115091
0.00105752
0.00140972
0.00156793
0.00120688
0.00110491
0.00129458
0.00145598
0.00133348
0.0011352
0.0013254
0.00144945
0.00119652
0.00111715
0.0013858
0.00147541
0.00128888
0.00107627
0.00129383
0.00156307
0.00138511
0.0013058
0.00137777
0.00147657
0.00143545
0.00137708
0.00160131
0.00163082
0.00132327
0.00132335
0.00163232
0.00175328
0.00154614
0.00129794
0.0015421
0.00178357
0.00158448
0.00150622
0.00162379
0.00167608
0.00155409
0.001439
0.00169555
0.00184379
0.00153354
0.00140108
0.00161373
0.00179511
0.00173855
0.00152233
0.00158971
0.00170717
0.00156018
0.00160859
0.00181034
0.00173202
0.00151168
0.00140175
0.00177908
0.00194967
0.00158026
0.00135744
0.0015737
0.00180953
0.00172476
0.00150342
0.00159146
0.0017342
0.00156138
0.0015846
0.00176518
0.00179517
0.00158794
0.00141658
0.00166682
0.00184974
0.00163372
0.00151541
0.00165421
0.00173331
0.00170491
0.0016278
0.00183865
0.00189341
0.00154762
0.00154411
0.00187943
0.00201779
0.00175874
0.00151291
0.00176564
0.00202883
0.00188508
0.0017414
0.00180663
0.0018836
0.00186961
0.00180495
0.00205609
0.00208321
0.00179895
0.00180061
0.00207894
0.00220531
0.00202563
0.00180186
0.00200622
0.00219953
0.00197315
0.00189989
0.00206897
0.00206591
0.00189542
0.00181331
0.00208492
0.00217561
0.00185935
0.00171946
0.00196703
0.00214409
0.00202657
0.00174667
0.00188021
0.00207988
0.00190348
0.00187542
0.00202776
0.00201251
0.0018682
0.00178032
0.0019914
0.00211223
0.00182268
0.00173598
0.00194375
0.00204711
0.00189213
0.00171207
0.00194599
0.00201652
0.00172222
0.00167593
0.00189049
0.00196452
0.00171683
0.00149704
0.00171274
0.00190796
0.00169733
0.00152259
0.00162577
0.00169692
0.00161376
0.00150528
0.00169369
0.00175641
0.00145583
0.00145351
0.0017181
0.0017847
0.00159322
0.0013691
0.00162078
0.00176664
0.00148374
0.0013861
0.00155765
0.00162949
0.00146088
0.00128367
0.00150351
0.00162617
0.00130163
0.00119198
0.00138915
0.00151557
0.00138986
0.00118641
0.00130733
0.00142407
0.00125537
0.00121685
0.00135776
0.00133121
0.00118676
0.00111855
0.00141732
0.00153352
0.00118823
0.00109655
0.00131974
0.00152605
0.00137563
0.00109187
0.00125282
0.00143109
0.0012484
0.00118443
0.00136395
0.00142382
0.00133151
0.00119606
0.00141742
0.00154984
0.00130169
0.00122289
0.00139781
0.00152554
0.00141531
0.00129063
0.00149399
0.00160427
0.00136147
0.00137931
0.00163114
0.00169746
0.00146417
0.00130268
0.00160571
0.00182528
0.0015691
0.00139148
0.00155119
0.00172289
0.00168761
0.00155561
0.00166851
0.00175536
0.00155742
0.00157635
0.00178598
0.00186986
0.00169164
0.00155073
0.00184305
0.0020442
0.00179056
0.00167601
0.0018568
0.00197165
0.00186143
0.00169349
0.00190652
0.00203491
0.0017713
0.00170404
0.00190883
0.00202535
0.00190357
0.00171656
0.00190079
0.00206662
0.00182848
0.00178639
0.00194556
0.0019634
0.00179302
0.00165254
0.00193029
0.00201947
0.001726
0.00162463
0.00181124
0.00194099
0.0018088
0.00159554
0.001754
0.00185197
0.00161616
0.00155414
0.00172495
0.00174751
0.00155181
0.00137665
0.00164904
0.00182903
0.00149786
0.001354
0.00151443
0.00164211
0.00155178
0.0013564
0.00147995
0.00160819
0.00138139
0.00136505
0.00155555
0.00159117
0.00140896
0.0012535
0.00151816
0.00169452
0.00140186
0.00131387
0.00148114
0.00161314
0.00146168
0.00123328
0.001454
0.00160223
0.00139513
0.00129111
0.00146281
0.00154357
0.00140037
0.00121869
0.00141282
0.00153921
0.00129873
0.00125087
0.00142371
0.00149949
0.00132118
0.00115798
0.00139922
0.00153689
0.00127877
0.00120488
0.00138228
0.00148346
0.00136339
0.00118981
0.00138604
0.00150531
0.00129334
0.00125801
0.00140542
0.00148388
0.00134562
0.00122068
0.00146569
0.00159018
0.00129382
0.00127566
0.00150716
0.00161566
0.00141552
0.00123722
0.00149108
0.00173155
0.00151083
0.00140719
0.00155415
0.00162757
0.00155058
0.00140988
0.0015738
0.00164454
0.00143782
0.00140696
0.00163443
0.00167316
0.00146817
0.00131229
0.00156308
0.00174883
0.00148267
0.00136308
0.00155338
0.00169411
0.00156965
0.00138228
0.00156366
0.00169278
0.00148704
0.0014292
0.00166309
0.00178328
0.00165468
0.00146726
0.00163537
0.00184162
0.00165378
0.00156273
0.00166682
0.0017161
0.0016241
0.00156744
0.00179574
0.00184312
0.00155431
0.00154432
0.00187703
0.00197572
0.00174867
0.00148391
0.00172692
0.00197881
0.00177426
0.00165519
0.00174869
0.00186334
0.00178129
0.00162405
0.00182159
0.00191794
0.00167802
0.00160056
0.00178513
0.00186717
0.00176019
0.00160031
0.00179024
0.0019001
0.00167763
0.00167919
0.00187654
0.00193288
0.00173636
0.00157143
0.00185988
0.00207027
0.00181141
0.00166287
0.00185932
0.00202333
0.00191984
0.00170744
0.00188195
0.00201818
0.00182398
0.00179226
0.00192961
0.00198272
0.00185554
0.00169395
0.00187597
0.00198716
0.00174555
0.00169305
0.0018852
0.00192199
0.00178082
0.00165734
0.00187091
0.00199854
0.00170156
0.00159282
0.00182599
0.00195693
0.00181064
0.00156383
0.00176325
0.00192688
0.00172966
0.00164123
0.00178428
0.00184863
0.00173189
0.00158836
0.00179307
0.00190791
0.00163891
0.00157801
0.00178641
0.00187474
0.00175231
0.00158719
0.00180595
0.00192875
0.001655
0.00159275
0.00182665
0.00189359
0.00169331
0.00151632
0.00177897
0.00197642
0.00171101
0.00157997
0.00173694
0.00189953
0.00178342
0.00156539
0.00171492
0.00186644
0.00166509
0.00159632
0.00175266
0.00179752
0.00171103
0.00158259
0.00179725
0.00190095
0.00166986
0.0016429
0.00185324
0.00190278
0.00173028
0.00157397
0.00182659
0.0020056
0.00170447
0.00156071
0.00176872
0.00193239
0.00181912
0.00159776
0.00173096
0.00189574
0.00173694
0.00169269
0.00180085
0.00183386
0.00172516
0.0016509
0.00188768
0.00200007
0.00178636
0.00170841
0.00192541
0.00202896
0.00186168
0.00168037
0.00191059
0.00207654
0.00181119
0.00173017
0.00192058
0.00201753
0.0018615
0.00168537
0.00188989
0.00206055
0.00182163
0.00173014
0.00190911
0.00199133
0.00185812
0.00170684
0.00188976
0.00201255
0.00177423
0.00170292
0.00187222
0.00196334
0.00183377
0.00167286
0.00183929
0.0019391
0.00165835
0.0015941
0.00180262
0.00186471
0.00168919
0.00149605
0.0017778
0.00191706
0.00162172
0.0014665
0.00162903
0.00178463
0.00164789
0.00142362
0.00152656
0.00166488
0.00147941
0.00145178
0.00161794
0.00158079
0.00141237
0.00129502
0.00157396
0.00166421
0.00133764
0.0012487
0.00147396
0.00162884
0.00146155
0.00125599
0.00142933
0.00157152
0.00134975
0.00131183
0.00150645
0.00159902
0.00141138
0.0012619
0.00154281
0.00174189
0.00148053
0.00132145
0.00143637
0.00160067
0.00160303
0.00146619
0.00158331
0.00163971
0.00145019
0.00151464
0.00177162
0.00176481
0.00149032
0.00137191
0.00173274
0.00192164
0.00157979
0.00139459
0.00156212
0.00171957
0.00161734
0.00143644
0.00158564
0.00168786
0.00148512
0.00145732
0.00167646
0.00173533
0.00158127
0.00141027
0.00163864
0.00179639
0.00160423
0.00156694
0.00169681
0.00172924
0.00158539
0.0014767
0.00174145
0.00185342
0.00149145
0.00136732
0.00163169
0.00180507
0.00168368
0.00139752
0.00157521
0.00175331
0.00162351
0.00160273
0.00171276
0.00171657
0.00153669
0.00147765
0.00174655
0.00183362
0.0014995
0.00136144
0.0015897
0.00174751
0.00165674
0.00145919
0.00157968
0.00170558
0.00151295
0.0015277
0.00172459
0.00175699
0.00157291
0.00142582
0.0017729
0.00193201
0.00164329
0.00148927
0.00167974
0.00182262
0.00173068
0.00155004
0.00168512
0.00183512
0.0016048
0.00156731
0.00178961
0.00184982
0.00167015
0.00148621
0.00175322
0.0019235
0.00172561
0.00161567
0.00178754
0.00187928
0.00177838
0.00164337
0.00185366
0.00196722
0.00163363
0.00158761
0.00184916
0.00197809
0.00180979
0.00155128
0.00175423
0.00195669
0.00180384
0.00168727
0.00178581
0.00188229
0.00177558
0.0016771
0.00185387
0.00190782
0.00162431
0.00158461
0.00183553
0.00192815
0.00177183
0.00157371
0.00173922
0.00193869
0.00168786
0.00164027
0.00179327
0.00182729
0.00168882
0.00154578
0.00181865
0.00196324
0.0017083
0.00156988
0.00176019
0.00192639
0.00185359
0.00168886
0.00178183
0.0018849
0.00170239
0.00169315
0.00186212
0.00184776
0.00164954
0.00148421
0.001788
0.0019536
0.00165476
0.00151611
0.00170931
0.0018804
0.00178939
0.00157296
0.00177941
0.00194701
0.00174633
0.0016711
0.00190598
0.00199584
0.00187255
0.00172196
0.00192997
0.00207679
0.00185556
0.00182037
0.00197154
0.00202547
0.0019009
0.00176593
0.00198703
0.00209671
0.00181618
0.00170854
0.00197694
0.00209498
0.00191237
0.00169454
0.00189203
0.0020665
0.00187466
0.00178017
0.00193575
0.00200892
0.0018771
0.00173696
0.00195981
0.00210994
0.00181062
0.00174004
0.00192759
0.00202514
0.00191782
0.00174808
0.00196243
0.00204309
0.00187919
0.0018512
0.00207397
0.0021411
0.00192545
0.00178721
0.00204912
0.00224549
0.00194392
0.00177493
0.00192073
0.00205918
0.00197629
0.00182213
0.00200067
0.00204866
0.00180222
0.00176629
0.00203175
0.00210331
0.00186433
0.00162514
0.00185459
0.00210348
0.00185583
0.00167261
0.00175506
0.00183911
0.00181861
0.00170027
0.00185524
0.00185381
0.00154581
0.00155789
0.00183992
0.00193567
0.00168486
0.0014251
0.00167732
0.00188849
0.00167951
0.00152967
0.00162739
0.00170097
0.00163142
0.00154306
0.00174011
0.00185365
0.00157877
0.00148044
0.00170685
0.00186202
0.00174058
0.00154705
0.00170809
0.00182244
0.00167104
0.00169695
0.00187463
0.00183851
0.00164483
0.00154689
0.00184819
0.0020159
0.0016704
0.00150017
0.00173256
0.00189614
0.00181245
0.00160239
0.00170112
0.00176076
0.00157994
0.0015762
0.00178046
0.00183665
0.00161234
0.00141852
0.00170721
0.00188137
0.0016366
0.00151319
0.001617
0.00170146
0.00163898
0.00150495
0.00170783
0.00175356
0.00146242
0.00146415
0.00173963
0.00186481
0.00159308
0.00132425
0.00161876
0.00186847
0.00165962
0.00148016
0.00161875
0.001741
0.00169873
0.00158873
0.00173865
0.00179002
0.00157371
0.00156976
0.00178771
0.00183977
0.00168778
0.0015466
0.00176973
0.00192469
0.00162303
0.00155935
0.00176689
0.00182688
0.0016313
0.00146996
0.00172993
0.00188631
0.00158098
0.00142042
0.00162376
0.0017838
0.0016295
0.0013986
0.00152375
0.001672
0.00151867
0.00148219
0.00157096
0.00161058
0.00152204
0.00142366
0.00168517
0.0017626
0.00145155
0.0013749
0.00163194
0.00176436
0.00157141
0.00136848
0.00157991
0.00174087
0.00150647
0.00139047
0.00160538
0.00167615
0.0015652
0.00137685
0.00158319
0.00177364
0.00154826
0.0014305
0.00155681
0.00171152
0.00166436
0.00151044
0.00163977
0.00170416
0.00152312
0.00155442
0.00177749
0.00177873
0.00153318
0.00140195
0.00173301
0.00192893
0.00157992
0.00141349
0.00164123
0.0018378
0.00177563
0.00155649
0.00166582
0.00175977
0.00158141
0.00154866
0.00175591
0.00183842
0.00164671
0.00145297
0.00171938
0.00190511
0.00166378
0.0015645
0.00171162
0.0017955
0.00172481
0.00165863
0.00183806
0.00188895
0.00161191
0.00163114
0.00195265
0.00206003
0.00181628
0.00151891
0.00180411
0.00209589
0.00188949
0.0017291
0.00181137
0.00191451
0.00189736
0.00180226
0.0019318
0.00198554
0.00173902
0.00174323
0.00198194
0.00209038
0.00188504
0.00165815
0.00189172
0.00206261
0.00186261
0.0017786
0.00191224
0.00196226
0.00185134
0.00173801
0.00195994
0.00206925
0.001758
0.00168111
0.00193112
0.00206824
0.00188802
0.00163832
0.00183233
0.00202962
0.00183777
0.00178084
0.00188272
0.00197325
0.0019059
0.00176027
0.00196933
0.0020747
0.00183421
0.00178468
0.0019897
0.00204066
0.00189308
0.0017711
0.00198457
0.00210597
0.00184355
0.00179058
0.00200194
0.00210008
0.00195157
0.00172316
0.00194617
0.00215466
0.00192451
0.00179577
0.00194541
0.00205885
0.00198494
0.00182711
0.00195243
0.00200757
0.00184547
0.00185531
0.00208536
0.00207903
0.00189052
0.00176096
0.00204304
0.00218633
0.00186878
0.00175788
0.00192249
0.00208122
0.00195154
0.00173202
0.00190027
0.00203737
0.00181955
0.00174634
0.00196726
0.00202391
0.00187618
0.00168295
0.00192093
0.00209523
0.00185052
0.00175475
0.00183341
0.00197197
0.00188237
0.00177341
0.00196145
0.00198976
0.00173767
0.00172323
0.00200015
0.00204493
0.00184636
0.00162285
0.00187672
0.00211342
0.00186155
0.00169593
0.00180759
0.0019337
0.00181612
0.00170323
0.00185994
0.00194744
0.00169423
0.00163585
0.00182252
0.00188688
0.001725
0.00151835
0.00171397
0.00183429
0.00160089
0.00153891
0.00170346
0.00171888
0.00152966
0.00143054
0.00169309
0.00180364
0.00145061
0.00129584
0.00151738
0.00166003
0.00151671
0.00127768
0.00144342
0.00160024
0.00144032
0.00138794
0.00157065
0.00160317
0.00144644
0.00133601
0.00160864
0.00174148
0.00143926
0.00130566
0.00153241
0.00166048
0.00159588
0.00139847
0.00154866
0.00164628
0.00140231
0.00143002
0.0016245
0.00166333
0.00144575
0.00131361
0.00162174
0.00178802
0.00153089
0.00133819
0.00153362
0.00168504
0.00163822
0.00145314
0.00153498
0.00165207
0.00144348
0.001464
0.00161715
0.00165544
0.00146984
0.00132614
0.00160481
0.00175806
0.00151213
0.00138695
0.00160605
0.00170732
0.00161089
0.00145939
0.00165828
0.00179305
0.00151283
0.00140199
0.00159798
0.00171905
0.00159063
0.00134978
0.00154999
0.00173314
0.00152712
0.00148203
0.00162307
0.0016764
0.00154778
0.00141939
0.00160833
0.00169069
0.00145522
0.00141242
0.00164565
0.00172724
0.00154306
0.00137947
0.00161423
0.00174847
0.00143307
0.00136166
0.00159105
0.00174791
0.00160164
0.00134205
0.00153325
0.00172586
0.00154843
0.00144954
0.00158798
0.00164219
0.00155953
0.00145212
0.00162783
0.00166045
0.00140499
0.00139224
0.00163049
0.00172178
0.00155801
0.00133469
0.00157925
0.00174574
0.00147178
0.00140926
0.00157958
0.00168181
0.00155749
0.00139846
0.00161728
0.0017475
0.00152232
0.00140809
0.001584
0.00167773
0.0015465
0.0013948
0.00158393
0.00170532
0.00147274
0.00143002
0.00163173
0.00171271
0.00154358
0.00136338
0.00163499
0.0017701
0.00148496
0.00139056
0.00158157
0.00168743
0.00158108
0.00138048
0.0015995
0.00175037
0.00151635
0.00140839
0.00157102
0.00170113
0.00163674
0.00145824
0.00163144
0.00175363
0.00157994
0.00155847
0.00169041
0.00169687
0.00155207
0.00147421
0.00180225
0.0019174
0.00159231
0.00147177
0.00177209
0.00196387
0.00181056
0.0015582
0.00172941
0.0019154
0.00180626
0.00175219
0.0018229
0.00184472
0.00177643
0.00167375
0.00190596
0.00199633
0.00167949
0.00163218
0.00184453
0.00194881
0.00182567
0.00163243
0.00181842
0.00193029
0.00170012
0.00164875
0.00185689
0.00189289
0.00168549
0.00154463
0.0018322
0.00197375
0.0017103
0.00155695
0.00172373
0.00188469
0.00182584
0.00164415
0.00181908
0.00189796
0.00168017
0.00165891
0.00190264
0.00196029
0.00178113
0.00157291
0.00183712
0.00202683
0.00179233
0.0016732
0.00181888
0.00191174
0.00179851
0.00165329
0.00186581
0.00193231
0.00166161
0.00160421
0.00189234
0.00206226
0.00185746
0.00157935
0.00176016
0.00196078
0.00182769
0.00174494
0.00181484
0.00180791
0.00173253
0.0016689
0.00190558
0.0019391
0.0015796
0.00153533
0.00184915
0.00202033
0.001814
0.00157503
0.00176069
0.00201681
0.00186053
0.00175349
0.00185446
0.00187357
0.00177286
0.00167566
0.00193922
0.0019786
0.00164825
0.00155415
0.00181067
0.00196606
0.00181361
0.00159068
0.00174495
0.00192545
0.00171475
0.00166019
0.0018192
0.00186013
0.0016538
0.00152958
0.00185092
0.00201311
0.00168661
0.00155174
0.00176132
0.00196608
0.00190512
0.00169323
0.0018395
0.00192656
0.0017254
0.00172264
0.00193128
0.00193354
0.00171404
0.00157223
0.0018825
0.00207053
0.00177287
0.00161703
0.00176735
0.00190625
0.0018325
0.00166859
0.00179985
0.00192257
0.0017086
0.00169297
0.0019394
0.00199039
0.00178165
0.00158888
0.00181687
0.00203294
0.00183627
0.00169574
0.0017925
0.00187468
0.0017426
0.00165767
0.00192389
0.00200071
0.00166061
0.00161409
0.00191239
0.00200427
0.00180636
0.00151948
0.00170827
0.00192754
0.00174221
0.00164164
0.00172834
0.00179272
0.00169472
0.00159975
0.001859
0.00191708
0.00160675
0.00151566
0.00173565
0.00187506
0.00176106
0.00156295
0.00171952
0.00185542
0.00170008
0.00166787
0.0018319
0.00185493
0.00164335
0.00150797
0.00182642
0.00201537
0.00167424
0.00150747
0.00170967
0.00188138
0.00181916
0.00158124
0.00169472
0.0018064
0.00163603
0.00161549
0.00179008
0.00178563
0.00160516
0.00149936
0.00179972
0.00191692
0.00159861
0.00148047
0.00167342
0.00177365
0.0016662
0.001478
0.00169103
0.00182539
0.00156336
0.00149878
0.0017388
0.0018232
0.00161943
0.0013778
0.00160665
0.00178043
0.00155596
0.00140368
0.00152159
0.00160942
0.00155321
0.00144915
0.00160643
0.00168087
0.00140156
0.00138405
0.00164699
0.00170707
0.00147095
0.00124939
0.00150069
0.00169071
0.00143333
0.00129696
0.00148756
0.00158566
0.00146658
0.00126376
0.00147583
0.0016779
0.00141388
0.00132832
0.00146637
0.00157852
0.00146279
0.0012595
0.00143465
0.00154389
0.0013513
0.00130733
0.00146861
0.00148581
0.00130645
0.00119062
0.00143914
0.00157714
0.00127652
0.00118285
0.00143703
0.00153496
0.0013707
0.00115628
0.00137815
0.00156628
0.0013344
0.00122099
0.00140777
0.001537
0.00142474
0.00125362
0.00144345
0.00159095
0.00137834
0.00132355
0.00146285
0.00149867
0.00139442
0.00129997
0.00153498
0.00163028
0.00134537
0.00131441
0.00155103
0.00164975
0.00145353
0.00126128
0.00151762
0.00169147
0.00146278
0.0013456
0.00154225
0.00164271
0.00152391
0.00135415
0.00154797
0.00166394
0.00139625
0.00134756
0.00150278
0.00156892
0.00149197
0.00136413
0.00153357
0.001643
0.00140873
0.00138982
0.00161084
0.00166549
0.00147205
0.00130906
0.00160948
0.00178622
0.00146213
0.00131423
0.00155168
0.00168354
0.00155316
0.00136742
0.00151496
0.0016969
0.00149781
0.00144242
0.00160012
0.00166989
0.00154262
0.00142154
0.00166787
0.00179858
0.00155175
0.00148611
0.00171725
0.0018034
0.00167034
0.00153317
0.00179556
0.00194174
0.00167271
0.00159465
0.00183717
0.00198733
0.00179008
0.00161025
0.00182309
0.00201312
0.00179256
0.00170088
0.00186223
0.0019589
0.00190332
0.00172026
0.00190825
0.00204204
0.00182231
0.00177593
0.00196951
0.0020286
0.00189271
0.00177506
0.00199358
0.0020835
0.00179226
0.00173677
0.00200198
0.00209777
0.00191813
0.00171049
0.00200276
0.0022102
0.00196456
0.00186906
0.00208608
0.00223978
0.00212728
0.00192983
0.00211817
0.00229964
0.00209689
0.00205159
0.00222445
0.00228779
0.00219502
0.00207528
0.00227317
0.00234026
0.00207472
0.00206192
0.00228047
0.00237517
0.00216756
0.0019736
0.00227135
0.00244689
0.00214755
0.00202326
0.0022179
0.00234815
0.00220904
0.00200285
0.00215242
0.00229111
0.00206371
0.00197524
0.00214469
0.00219953
0.00205803
0.0019146
0.00211383
0.00219311
0.00190156
0.0018383
0.00204034
0.00206653
0.0018615
0.00169238
0.00194565
0.00208049
0.00180161
0.00169855
0.00189771
0.00200687
0.00187842
0.00170917
0.00187497
0.0020015
0.00176591
0.00173395
0.00194238
0.00205119
0.00187017
0.00164651
0.00186597
0.00204117
0.00180792
0.00168886
0.0018344
0.00190529
0.00182944
0.00170889
0.00190584
0.00196017
0.00167032
0.00166705
0.00195033
0.00204715
0.00186023
0.00160145
0.00186835
0.00210905
0.00185761
0.00169603
0.00178638
0.00190229
0.00186195
0.00169485
0.00183587
0.00190465
0.00167967
0.0016303
0.00184114
0.00188243
0.00173058
0.00155814
0.0017274
0.0019032
0.00168402
0.00162408
0.00181657
0.00184648
0.00169242
0.00153031
0.00178832
0.00194774
0.00161546
0.00150312
0.0017368
0.00189603
0.00182528
0.00158984
0.00171202
0.00182791
0.00167337
0.00164568
0.00174978
0.00175983
0.00157701
0.00149484
0.00178824
0.00189954
0.00153457
0.00140426
0.0016363
0.00176681
0.0016617
0.00141855
0.00160309
0.00173873
0.00153371
0.0014853
0.00165201
0.00171083
0.00153685
0.00138198
0.00161455
0.00178601
0.00153298
0.00139234
0.00152108
0.0016274
0.00157478
0.00140449
0.00153938
0.00160279
0.00136136
0.00137391
0.00160967
0.00163149
0.0014433
0.00128148
0.00156521
0.00175007
0.0014757
0.0013503
0.00151579
0.00165378
0.00156708
0.00140858
0.00157513
0.00168363
0.0014638
0.00142991
0.00161739
0.00168603
0.00153225
0.00135796
0.00156039
0.0017282
0.0015103
0.00142371
0.0015667
0.00163746
0.00147625
0.00133744
0.00159675
0.00166534
0.00134326
0.00125713
0.00152915
0.00169947
0.00151963
0.00124353
0.0014253
0.00165913
0.00147915
0.00136847
0.00149792
0.00151211
0.00147312
0.00140005
0.00163917
0.00175039
0.00146461
0.00138957
0.00161091
0.0017613
0.00160015
0.00136828
0.00156391
0.00173502
0.00159394
0.00158402
0.00174742
0.00177805
0.00162766
0.00155192
0.00185466
0.00198038
0.00167081
0.00149673
0.0017224
0.0019181
0.00180988
0.00159031
0.00168421
0.00180266
0.00161902
0.00164265
0.0017947
0.00178878
0.00156886
0.0014625
0.00176193
0.00190673
0.00163434
0.00150937
0.00171559
0.00182022
0.0017712
0.0016039
0.00176102
0.00185857
0.00160136
0.00161979
0.0019156
0.00202321
0.00176463
0.00153468
0.00179781
0.00203947
0.00182879
0.00166468
0.0018028
0.00190197
0.0018865
0.00179404
0.00197612
0.00202332
0.00172291
0.00170605
0.00198636
0.00208783
0.00187019
0.00165698
0.00189149
0.00210022
0.00190969
0.0018211
0.00197085
0.00209192
0.00197564
0.00183864
0.00206362
0.00216744
0.00186964
0.00176598
0.00199706
0.00211742
0.00197595
0.00174903
0.00194161
0.00211683
0.00188924
0.00180334
