0.00013101
-0.000670812
-0.000153536
0.000475352
0.000734039
-0.000599732
-0.000809727
0.000651593
0.000161415
-0.000640508
-0.000139373
0.00048446
0.000718635
-0.000545455
-0.000771706
0.000700686
0.000192397
-0.000573637
-8.0744e-05
0.00052673
0.000755479
-0.000550581
-0.000768064
0.000736557
0.000200071
-0.000587146
-7.092e-05
0.000547677
0.00081563
-0.000532706
-0.000742074
0.000759501
0.000253157
-0.000557573
-6.05712e-05
0.000565642
0.000835758
-0.000454955
-0.000691381
0.000749677
0.000235859
-0.000531916
-6.80633e-06
0.000577629
0.000831746
-0.000491555
-0.0006807
0.000796889
0.00026245
-0.000525304
-2.3887e-05
0.000627131
0.000858043
-0.000480656
-0.000699982
0.000780384
0.000283423
-0.000509772
-2.42771e-05
0.000603165
0.000851445
-0.000468592
-0.000702945
0.000766567
0.00028718
-0.000506027
-4.1153e-05
0.000599703
0.000842031
-0.000450807
-0.000691726
0.000777991
0.000287238
-0.000526116
-2.76171e-05
0.000582673
0.000839555
-0.000477359
-0.000679879
0.000807283
0.000281613
-0.000515281
2.48038e-05
0.000653986
0.000861935
-0.000438762
-0.000671835
0.000844345
0.000325343
-0.000471205
2.82664e-05
0.000649795
0.000923444
-0.000391192
-0.000643118
0.00085175
0.000342437
-0.000458271
7.03965e-05
0.000674953
0.000894933
-0.000425488
-0.000612457
0.000862687
0.000337861
-0.000457343
3.95051e-05
0.000692239
0.0009034
-0.000421027
-0.000661037
0.000841267
0.000325516
-0.000465285
-6.57944e-06
0.000648522
0.000899606
-0.000411625
-0.000666534
0.000816469
0.000293575
-0.000476503
9.96432e-06
0.000607826
0.000846494
-0.000466542
-0.000672121
0.00080813
0.000249654
-0.000554356
-4.56302e-05
0.000606886
0.000844978
-0.000494323
-0.000733654
0.000772515
0.000273545
-0.000530197
-6.6154e-05
0.0005661
0.000813625
-0.000505106
-0.000719671
0.00072734
0.000237879
-0.000571865
-7.0128e-05
0.000561512
0.000772699
-0.000550973
-0.00073926
0.000732722
0.000181388
-0.000616823
-0.000100098
0.00053391
0.000766204
-0.000581736
-0.000789658
0.000690734
0.00016898
-0.000627031
-0.000136455
0.000478226
0.000752976
-0.000571388
-0.000816658
0.00068132
0.000134108
-0.000648834
-0.000163877
0.000470258
0.000706533
-0.000623501
-0.000844388
0.000625725
0.000129494
-0.000650351
-0.000172856
0.000442324
0.000680441
-0.000645765
-0.000842602
0.000644637
0.000109456
-0.000686298
-0.000155314
0.000483327
0.000699532
-0.000642443
-0.000850186
0.000643428
0.000153532
-0.000651541
-0.000152402
0.000488697
0.000725663
-0.000562183
-0.000777606
0.000679913
0.000163548
-0.000612662
-9.28001e-05
0.000521624
0.000768919
-0.000545742
-0.00075511
0.000747194
0.000213678
-0.000590115
-6.18569e-05
0.000592234
0.000804457
-0.000500105
-0.000720327
0.000764788
0.000282341
-0.000503109
3.28682e-06
0.000589719
0.000856085
-0.000422942
-0.000649987
0.00083116
0.000285074
-0.000442548
5.84085e-05
0.000690906
0.000913485
-0.000402866
-0.00062415
0.000891594
0.000383062
-0.000422024
6.98836e-05
0.00071417
0.000972485
-0.000328839
-0.000549599
0.000925314
0.00040054
-0.000395983
0.000134822
0.000738111
0.00102023
-0.000298434
-0.000543397
0.000986234
0.000464237
-0.000338173
0.000156179
0.000791633
0.00104228
-0.000253629
-0.0004877
0.000984167
0.000453313
-0.000322896
0.000213208
0.00082282
0.00107046
-0.000266639
-0.000491904
0.00103231
0.000506246
-0.000296523
0.000205163
0.000848464
0.00107483
-0.000227018
-0.000465901
0.00101751
0.000504422
-0.00027404
0.000193651
0.000830078
0.00106621
-0.000227049
-0.000452609
0.001038
0.000492129
-0.000289969
0.000220421
0.000856976
0.0010813
-0.000217392
-0.000458746
0.00104072
0.000518285
-0.000281028
0.000205849
0.000828824
0.00106837
-0.000242831
-0.000460326
0.000997129
0.000488072
-0.000288214
0.000189511
0.00080821
0.00104548
-0.000267002
-0.000497477
0.000964701
0.000472169
-0.000308277
0.000166082
0.00078432
0.00102258
-0.000286579
-0.000523146
0.000936216
0.00042218
-0.000383212
0.000143971
0.000754018
0.000979937
-0.000340317
-0.000540303
0.000940178
0.00041292
-0.000414564
9.62862e-05
0.000716355
0.000985269
-0.000359958
-0.000606074
0.000895386
0.000367296
-0.000409579
7.34329e-05
0.000678975
0.00091763
-0.00036333
-0.000615615
0.000834121
0.000293744
-0.000450377
5.67746e-05
0.000665145
0.000888505
-0.000460191
-0.000651831
0.000824208
0.00030399
-0.000520486
-4.99158e-05
0.000614798
0.000841294
-0.000489764
-0.000744506
0.000728308
0.000240383
-0.000576145
-7.17707e-05
0.000556849
0.000755108
-0.00055314
-0.000771084
0.000714568
0.000151305
-0.000631854
-0.000143685
0.000495776
0.000709971
-0.0006099
-0.00083679
0.000655774
0.000134954
-0.00069111
-0.000206409
0.000429506
0.000651228
-0.00067247
-0.00089817
0.000576602
4.26502e-05
-0.000747626
-0.000222619
0.000377918
0.000580926
-0.000724455
-0.000936537
0.000552559
8.39254e-06
-0.000769993
-0.000278418
0.000327648
0.000596485
-0.000737568
-0.000966276
0.000495249
-1.08257e-05
-0.00079794
-0.000292018
0.000311758
0.000533773
-0.000763109
-0.000987542
0.000520804
-1.09469e-05
-0.00083847
-0.000342134
0.000303739
0.000557651
-0.0007726
-0.00099574
0.000480184
-2.96532e-05
-0.000825343
-0.000316246
0.000275536
0.000529179
-0.000778993
-0.000980028
0.000470476
-5.30569e-05
-0.000808262
-0.000299332
0.000294678
0.000560442
-0.000804201
-0.00100465
0.000496607
-2.56591e-05
-0.000808345
-0.000355848
0.000296515
0.000525148
-0.000808201
-0.00101727
0.000456577
-5.18275e-05
-0.000842385
-0.000322293
0.000270167
0.000520483
-0.000794921
-0.00102246
0.000469255
-6.07036e-05
-0.000841649
-0.000344417
0.000286097
0.000494749
-0.000793007
-0.00103377
0.000455233
-8.54769e-05
-0.000841668
-0.000380569
0.00026707
0.000511984
-0.000814516
-0.00103194
0.000420425
-5.18201e-05
-0.000860502
-0.000371692
0.000220167
0.000509687
-0.000798587
-0.00102855
0.000409424
-7.17679e-05
-0.000832695
-0.00035895
0.000247577
0.000483032
-0.000822887
-0.00103498
0.000437616
-6.98412e-05
-0.000866376
-0.000377234
0.000289874
0.000499231
-0.000808468
-0.00105969
0.000437085
-9.64448e-05
-0.000865576
-0.000406256
0.000220865
0.000470182
-0.000828172
-0.00106276
0.000403493
-0.000111542
-0.000885524
-0.000380382
0.000234785
0.000444116
-0.000869419
-0.00107104
0.000404101
-0.00011604
-0.000926949
-0.000432866
0.000216565
0.000463041
-0.000877591
-0.00108428
0.000370227
-0.000142554
-0.000920351
-0.000434088
0.000202518
0.000424495
-0.000894748
-0.00111585
0.000364922
-0.000118062
-0.000922238
-0.000446305
0.000191556
0.000404586
-0.000875606
-0.00110115
0.000358913
-0.000155507
-0.000937988
-0.000453479
0.000142591
0.000415536
-0.000906165
-0.00113489
0.000350178
-0.000177336
-0.000958268
-0.000463622
0.000170655
0.000386347
-0.000929888
-0.00116439
0.000316125
-0.000168178
-0.00100103
-0.000521188
0.000117953
0.000385151
-0.000924442
-0.00116815
0.000284261
-0.000230582
-0.00098946
-0.000511351
0.000105736
0.00031403
-0.000982622
-0.00120433
0.00027198
-0.000255892
-0.00103927
-0.00054918
7.63291e-05
0.000328961
-0.000996157
-0.00122351
0.000250227
-0.000270528
-0.00108365
-0.000593767
5.98372e-05
0.00031078
-0.00102915
-0.00126186
0.000225377
-0.000292051
-0.00107644
-0.000610847
3.50768e-05
0.000268676
-0.00102383
-0.00124872
0.000203497
-0.000334206
-0.0010879
-0.000585306
2.97717e-05
0.000290775
-0.00106176
-0.00125871
0.000203516
-0.000300357
-0.00108794
-0.000610872
3.0956e-05
0.00028186
-0.00102858
-0.00126884
0.000229788
-0.000287039
-0.00106812
-0.000592153
5.19668e-05
0.000314288
-0.00102215
-0.00122787
0.00024573
-0.000236346
-0.0010375
-0.000548768
7.37071e-05
0.000317482
-0.000984264
-0.00118013
0.000293812
-0.000220775
-0.0010212
-0.000512488
0.000106673
0.000351356
-0.000959951
-0.00118682
0.000314464
-0.000185147
-0.000977919
-0.000483068
0.000146179
0.000394933
-0.000900376
-0.00113127
0.000345215
-0.000132956
-0.000922554
-0.000431005
0.00020203
0.000447712
-0.000873336
-0.00107357
0.000440796
-9.95553e-05
-0.000879131
-0.000377791
0.000273382
0.000509285
-0.000808845
-0.00102921
0.000456534
-5.2843e-05
-0.00085277
-0.000338668
0.000293522
0.000543697
-0.000743586
-0.000973178
0.000527629
1.18143e-05
-0.000805328
-0.000281012
0.000343626
0.000616251
-0.000681169
-0.000944922
0.000543367
3.99288e-05
-0.000733055
-0.000239062
0.000388995
0.000622325
-0.00064709
-0.000879753
0.000597989
8.63084e-05
-0.00071765
-0.000198403
0.000429653
0.000680007
-0.00064483
-0.000880553
0.000614507
0.000113156
-0.000698022
-0.000193034
0.000454388
0.000689779
-0.000633611
-0.000848739
0.000626277
0.000123735
-0.000693651
-0.000152081
0.000442517
0.000690119
-0.000640119
-0.000843062
0.000660113
0.000104798
-0.000680051
-0.000183587
0.000448834
0.000695783
-0.000619262
-0.000859247
0.000620825
0.000120433
-0.000657568
-0.000196226
0.000453653
0.000708679
-0.00061612
-0.000870068
0.000633593
0.000106258
-0.000679001
-0.000176841
0.000434563
0.000704961
-0.000646857
-0.000853576
0.000607885
0.000117567
-0.000705719
-0.000188431
0.000441661
0.000645706
-0.000668636
-0.000870337
0.000622906
8.35011e-05
-0.00072335
-0.000207278
0.000423966
0.000652202
-0.000667183
-0.000891987
0.000591246
6.60364e-05
-0.000716611
-0.000214861
0.000395199
0.000633304
-0.000662414
-0.000879654
0.00059476
6.45712e-05
-0.000702243
-0.000203923
0.000427627
0.000642052
-0.000669076
-0.000880531
0.000616142
9.08554e-05
-0.000682564
-0.00020448
0.000456906
0.000684157
-0.000644648
-0.000869375
0.000618606
0.000152006
-0.000647742
-0.000176673
0.000438302
0.00067994
-0.000594454
-0.000816302
0.000645684
9.35568e-05
-0.000661508
-0.000141697
0.000485834
0.000718102
-0.000611292
-0.000826048
0.000684563
0.000159084
-0.000655344
-0.000158753
0.000468267
0.000741673
-0.000575267
-0.000799994
0.000665767
0.000173439
-0.000610885
-0.000119029
0.000509718
0.00073359
-0.000575171
-0.000789006
0.000689133
0.000184492
-0.000605041
-0.000103419
0.000523997
0.000756086
-0.00054863
-0.000742882
0.000705511
0.000199103
-0.000604382
-7.75064e-05
0.000539337
0.000776316
-0.000524125
-0.000750466
0.000704161
0.000187808
-0.000591985
-8.64081e-05
0.000515191
0.000787279
-0.000513457
-0.000757614
0.000722419
0.000208998
-0.000590187
-9.64363e-05
0.000526193
0.000793122
-0.000529398
-0.00072868
0.000726164
0.000207661
-0.000588503
-7.6923e-05
0.000567721
0.000797468
-0.000535126
-0.00074393
0.000742144
0.000220889
-0.000587229
-8.59912e-05
0.000557258
0.000788912
-0.000516444
-0.000756672
0.000705275
0.000224595
-0.00056737
-8.85316e-05
0.000531883
0.000765034
-0.000554951
-0.00075934
0.000717109
0.000189826
-0.000588995
-8.64385e-05
0.000527384
0.000773553
-0.000526875
-0.000760934
0.000710652
0.000182114
-0.000601122
-9.2422e-05
0.000524767
0.000782084
-0.000566765
-0.000770898
0.000686531
0.000202971
-0.000584028
-0.000102924
0.000539225
0.000786814
-0.000557184
-0.000769099
0.000716412
0.000208392
-0.00056902
-8.17081e-05
0.000512788
0.000744979
-0.000528941
-0.000735494
0.000725148
0.000207234
-0.00058006
-7.72856e-05
0.000573362
0.000800203
-0.00053225
-0.000739058
0.000752738
0.000256839
-0.000545187
-7.21846e-05
0.00058828
0.00083185
-0.000462959
-0.000709919
0.000752706
0.000243637
-0.000510378
-1.57702e-05
0.000589899
0.000833303
-0.000454415
-0.000651201
0.000816877
0.000283028
-0.000518294
2.11376e-05
0.000655862
0.000899087
-0.000427657
-0.000660512
0.000855142
0.000353202
-0.00046755
1.38102e-05
0.000639486
0.000907656
-0.000386193
-0.000643585
0.00084217
0.000345029
-0.000418419
7.43077e-05
0.00070884
0.000898691
-0.000381399
-0.00058982
0.000874995
0.0003734
-0.000451038
8.77667e-05
0.000716143
0.000964244
-0.000361105
-0.00058445
0.00090142
0.000369528
-0.000423346
8.82726e-05
0.000716393
0.000949134
-0.000355556
-0.000590152
0.000877043
0.000395058
-0.000385721
8.53098e-05
0.000682813
0.000937404
-0.000376912
-0.000601754
0.000866798
0.000374611
-0.00044938
6.65012e-05
0.000692701
0.000921872
-0.000389884
-0.000627052
0.000880781
0.000384051
-0.000458652
2.3847e-05
0.000666866
0.000928381
-0.000385308
-0.000601178
0.000832585
0.000335675
-0.000463356
3.20838e-05
0.000669317
0.000908804
-0.000408148
-0.000633298
0.000856425
0.000315356
-0.000469595
2.25933e-05
0.000674329
0.000889957
-0.000426982
-0.000652542
0.000829168
0.000333103
-0.000456047
2.40336e-05
0.000629767
0.000901381
-0.000415635
-0.000626488
0.000810462
0.000306576
-0.000469736
3.63151e-05
0.000668518
0.000873165
-0.000428095
-0.000663613
0.000857225
0.000354632
-0.00048729
1.11963e-05
0.000641518
0.000901164
-0.000402541
-0.000631185
0.00081045
0.000310301
-0.0004768
3.00439e-05
0.000637109
0.000877786
-0.000438488
-0.00065286
0.000843723
0.000293208
-0.000480198
9.35376e-06
0.000652257
0.000898016
-0.000431467
-0.000638121
0.000834872
0.000313694
-0.000479897
-9.36528e-06
0.000660648
0.000900532
-0.000424843
-0.000664827
0.000825317
0.000335178
-0.000459949
2.58274e-05
0.00066237
0.000882645
-0.000408722
-0.000604701
0.00086586
0.000337425
-0.000442842
5.07805e-05
0.000707508
0.000976984
-0.000406948
-0.00060623
0.000859186
0.000391407
-0.00041625
5.54335e-05
0.000679023
0.00091938
-0.000379717
-0.000594102
0.000867679
0.000357047
-0.00045111
8.27289e-05
0.000683867
0.000918683
-0.000376344
-0.000603529
0.00087246
0.000340645
-0.000432876
3.50188e-05
0.000670396
0.000891158
-0.000410461
-0.000630248
0.000825799
0.000322156
-0.00048202
9.10643e-06
0.000649373
0.000874256
-0.000426313
-0.000707486
0.000811521
0.000316903
-0.000504681
-3.37922e-06
0.000593164
0.000859057
-0.000458971
-0.000695563
0.000770122
0.000255587
-0.000526946
-2.71157e-05
0.000577671
0.000838635
-0.000491296
-0.000714154
0.000771792
0.000254173
-0.000562074
-5.59976e-05
0.000564673
0.000828236
-0.000495436
-0.000755759
0.000719718
0.00023347
-0.000561734
-6.38882e-05
0.00054877
0.000806189
-0.000514974
-0.000719082
0.000721644
0.000214341
-0.000604081
-6.96285e-05
0.000546908
0.000772853
-0.000549859
-0.000764424
0.000719795
0.000226853
-0.00056455
-0.000101057
0.000541526
0.00079988
-0.000546051
-0.000737717
0.000735392
0.000243141
-0.000558745
-6.28824e-05
0.00055551
0.000814977
-0.000507133
-0.000738094
0.000754764
0.000255652
-0.000539385
-3.60862e-05
0.000597653
0.00082635
-0.000444486
-0.000675383
0.000794385
0.000301866
-0.000483867
7.33659e-06
0.000631975
0.000874368
-0.000444146
-0.000608165
0.00083585
0.000321123
-0.000449007
3.28144e-05
0.00067751
0.000937476
-0.000403552
-0.000617912
0.000853725
0.000378152
-0.000411446
8.20099e-05
0.000705573
0.000965488
-0.000351182
-0.000560077
0.000897135
0.000381269
-0.000407843
9.53409e-05
0.000748279
0.000960401
-0.000354286
-0.000568991
0.000918478
0.000393832
-0.000415477
0.000105024
0.000749272
0.000971031
-0.000344961
-0.000553574
0.00090877
0.00040043
-0.000381859
0.000122387
0.000714259
0.000979217
-0.000362016
-0.000589419
0.000924994
0.000398389
-0.000414286
0.000104999
0.000727231
0.000955762
-0.000361011
-0.000609085
0.000885169
0.000377929
-0.000427156
8.00596e-05
0.0006925
0.000951353
-0.000363091
-0.00057242
0.000921257
0.000373738
-0.000419405
6.64987e-05
0.000711066
0.000963494
-0.000368485
-0.000616073
0.00089578
0.000367869
-0.00042201
8.29017e-05
0.000681532
0.000921031
-0.000352415
-0.000600963
0.000877995
0.000340319
-0.000441241
7.10304e-05
0.000686351
0.000938561
-0.000406115
-0.000611644
0.00088206
0.000344613
-0.000441247
4.02286e-05
0.000669027
0.000959136
-0.0003705
-0.000646234
0.000842528
0.000358367
-0.000426124
5.46732e-05
0.000685251
0.00090701
-0.000369278
-0.000604002
0.00087456
0.000342425
-0.000444293
7.20106e-05
0.000704406
0.000957767
-0.000390313
-0.000594293
0.000891193
0.000403934
-0.000421298
9.55429e-05
0.000706755
0.000975399
-0.000330917
-0.000561788
0.000924722
0.000394635
-0.000358868
0.000126845
0.000757665
0.000988794
-0.000317112
-0.000528323
0.000946667
0.000433476
-0.000345345
0.000147023
0.000771099
0.00102963
-0.000278272
-0.000517219
0.000946674
0.000449636
-0.000340461
0.000139056
0.000776251
0.00103457
-0.000300152
-0.000519849
0.000981457
0.00044483
-0.00036078
0.000145424
0.000769141
0.00101715
-0.000316311
-0.000539874
0.000939827
0.000446091
-0.000347718
0.000112011
0.000735306
0.000957667
-0.000345219
-0.000553204
0.000903828
0.000377018
-0.00043311
8.50364e-05
0.000719838
0.00095089
-0.000392813
-0.000598649
0.000860547
0.000343081
-0.000444034
3.6904e-05
0.000671501
0.000885696
-0.000410163
-0.000636862
0.000817048
0.000289176
-0.000496211
8.50845e-06
0.000633646
0.000861089
-0.000447544
-0.000686748
0.000786924
0.000267397
-0.000518642
-2.57109e-05
0.000587971
0.00083341
-0.000484451
-0.00071769
0.00076946
0.00023497
-0.000546922
-6.71363e-05
0.00057354
0.000804221
-0.000495426
-0.000727206
0.000741666
0.000214267
-0.000562787
-5.55588e-05
0.000525459
0.000807543
-0.000514555
-0.000733164
0.00074564
0.000223886
-0.000582261
-5.85856e-05
0.000519757
0.000769202
-0.000528001
-0.000747583
0.000718435
0.000197999
-0.000604091
-9.80143e-05
0.000553926
0.000763897
-0.000538937
-0.000767671
0.000704606
0.000173905
-0.000608743
-0.000110231
0.000506945
0.000764877
-0.000579569
-0.000782601
0.000687525
0.00015333
-0.000637394
-0.000160053
0.000495228
0.000735163
-0.000578871
-0.000806479
0.000662124
0.000129696
-0.000640908
-0.00017995
0.000470608
0.000668612
-0.000641429
-0.000826593
0.000653402
0.000121779
-0.00066321
-0.00021038
0.0004438
0.00067864
-0.000673101
-0.000873049
0.000587286
0.000100244
-0.000687971
-0.000211372
0.000396333
0.000625311
-0.00068222
-0.000895032
0.000567761
2.23146e-05
-0.000770688
-0.000254858
0.000370894
0.00056955
-0.000732401
-0.00095334
0.000540709
-5.06969e-06
-0.000796613
-0.000306114
0.000312688
0.000566088
-0.000759414
-0.00102575
0.000445782
-4.4076e-05
-0.000836387
-0.00034768
0.00023559
0.000498091
-0.000812884
-0.00103433
0.000409181
-0.000121942
-0.000914842
-0.000415268
0.000235828
0.000445274
-0.000874699
-0.00112094
0.000390987
-0.000139995
-0.000940281
-0.000459394
0.00018063
0.000444513
-0.000892906
-0.00113942
0.000358598
-0.000134421
-0.000957118
-0.000474516
0.000167773
0.000392361
-0.000904969
-0.00113608
0.000322958
-0.000186239
-0.0009828
-0.000486797
0.000131634
0.000355774
-0.000925749
-0.00114972
0.000315132
-0.000205189
-0.000986134
-0.000509919
0.000151569
0.000394026
-0.000935342
-0.00116606
0.00032205
-0.000203185
-0.000982083
-0.000500287
0.000127052
0.000386071
-0.000947597
-0.00116022
0.000309129
-0.000188203
-0.000970326
-0.000483871
0.000137747
0.000381841
-0.000915195
-0.00114694
0.000320656
-0.0002049
-0.000969999
-0.000498507
0.000148684
0.000403019
-0.000943565
-0.00114898
0.000337865
-0.000154309
-0.000967881
-0.00047733
0.000180997
0.000434167
-0.000910983
-0.00111664
0.000367426
-0.000149362
-0.000923831
-0.000433805
0.000195966
0.000445693
-0.000891176
-0.0010912
0.000376162
-0.000141036
-0.000907338
-0.000427552
0.000232836
0.000479951
-0.000856098
-0.00107187
0.000418484
-0.000109158
-0.000883447
-0.000399873
0.000241124
0.000484694
-0.000829481
-0.00105394
0.000414164
-8.1517e-05
-0.000870244
-0.00036724
0.000265091
0.000506921
-0.00083133
-0.00103504
0.00045815
-6.76099e-05
-0.00086481
-0.0003813
0.000271511
0.000540104
-0.000777655
-0.0010016
0.000469267
-4.30152e-05
-0.000827186
-0.000304816
0.000320207
0.000518991
-0.000765924
-0.000966601
0.00050533
-2.51069e-06
-0.000787552
-0.000276125
0.000360097
0.000614086
-0.000697503
-0.000952963
0.000539269
8.15635e-05
-0.000712604
-0.000240408
0.000391834
0.000662091
-0.000616514
-0.000839475
0.000639598
0.000111022
-0.000672688
-0.000126203
0.000502186
0.000709059
-0.000605295
-0.000817939
0.00071982
0.000207909
-0.00061196
-0.000106575
0.000551714
0.000810695
-0.000494073
-0.000735094
0.000749829
0.000229995
-0.00051515
-3.62346e-05
0.000583771
0.000857407
-0.000476044
-0.000677182
0.000811171
0.000281251
-0.000498619
2.01724e-06
0.000653113
0.000863442
-0.00048501
-0.000663096
0.000803997
0.000278966
-0.000504475
-3.63875e-05
0.000602907
0.000845581
-0.000483774
-0.000707312
0.000759922
0.00023013
-0.000522631
-5.53881e-05
0.000568162
0.00079453
-0.000532342
-0.000772263
0.000697569
0.000160302
-0.000652501
-0.000154898
0.000495033
0.000690988
-0.0006152
-0.000878198
0.000580025
4.67769e-05
-0.0007585
-0.000271713
0.000319429
0.000559825
-0.000773575
-0.00101799
0.000465104
-9.08372e-05
-0.000913266
-0.000422255
0.000210128
0.000402896
-0.000913851
-0.00116738
0.000312912
-0.000229309
-0.00105162
-0.00057286
4.44058e-05
0.000271912
-0.00105752
-0.00129348
0.00015926
-0.000372299
-0.00114738
-0.00065678
-6.51134e-05
0.000175577
-0.00116372
-0.00138099
8.88815e-05
-0.000453275
-0.0012359
-0.000733545
-0.000111441
0.000107746
-0.00118306
-0.00142789
7.18008e-05
-0.000466209
-0.00125312
-0.000743151
-0.000124541
0.000153114
-0.00117139
-0.00138753
8.56695e-05
-0.000379664
-0.00118808
-0.000672222
-2.84352e-05
0.00021109
-0.00106856
-0.00125702
0.00020196
-0.00028768
-0.00104414
-0.000515702
0.000124731
0.000377952
-0.000922963
-0.00111157
0.000404571
-7.26788e-05
-0.000862187
-0.000329718
0.000320136
0.000635921
-0.000689185
-0.000905887
0.000616564
0.000144268
-0.000594285
-8.07981e-05
0.00055097
0.000813074
-0.000430844
-0.000624175
0.000860172
0.000366897
-0.000396589
0.000162426
0.00080643
0.0010623
-0.000248393
-0.000432277
0.00110838
0.000618108
-0.000171592
0.000318216
0.000984325
0.00126016
-4.62169e-05
-0.000249774
0.0012103
0.000743986
-3.04701e-05
0.000456612
0.00107783
0.00133323
2.50321e-05
-0.000167312
0.00129798
0.000751352
-3.27929e-05
0.00048104
0.00111341
0.00134093
3.27961e-06
-0.000234823
0.00123936
0.000721357
-8.71843e-05
0.000358491
0.000990656
0.00121515
-0.000130763
-0.000372194
0.00107624
0.000549478
-0.000294543
0.000182427
0.000766555
0.000990478
-0.000381257
-0.000617376
0.000823452
0.000219103
-0.000568281
-0.00010612
0.000451846
0.000648122
-0.000717904
-0.000955892
0.000473097
-9.59519e-05
-0.000936607
-0.000485223
0.000115672
0.000281728
-0.00107064
-0.00133046
9.58234e-05
-0.000464265
-0.00131449
-0.000884268
-0.000281389
-7.35042e-05
-0.00141767
-0.00167699
-0.000240197
-0.000851125
-0.00165976
-0.00115228
-0.000588636
-0.000411252
-0.00175553
-0.00197419
-0.000532647
-0.00112023
-0.0019289
-0.00143473
-0.000836173
-0.00060672
-0.00195589
-0.00219641
-0.000735526
-0.00122227
-0.00204951
-0.00155085
-0.000951055
-0.000685892
-0.00199196
-0.00221871
-0.000739257
-0.00125658
-0.00200479
-0.00150499
-0.000849637
-0.000605901
-0.00190525
-0.00211856
-0.000612266
-0.00109059
-0.00185808
-0.00131392
-0.000668542
-0.000407168
-0.0016879
-0.00185347
-0.000328787
-0.000811349
-0.00156767
-0.00102547
-0.000332611
-6.36466e-05
-0.00133736
-0.00148818
5.23264e-05
-0.000416553
-0.00116829
-0.00062599
4.65571e-05
0.000371507
-0.000892225
-0.00107726
0.000447225
-3.78576e-06
-0.00073288
-0.000182172
0.000480303
0.000789112
-0.000487522
-0.000643951
0.00089752
0.000415816
-0.000327959
0.000231837
0.000901428
0.00118177
-9.06007e-05
-0.000267957
0.00126014
0.000792156
-6.17139e-06
0.000515879
0.00119854
0.00149233
0.000176315
-4.30235e-05
0.00147382
0.000963356
0.000194814
0.000720192
0.00132924
0.00156961
0.000290225
6.91458e-05
0.00154419
0.000986582
0.000208939
0.000735545
0.00133576
0.00155238
0.000214459
-2.09564e-05
0.00143802
0.000913861
6.8227e-05
0.000532026
0.00114878
0.00135088
-3.63804e-05
-0.000307775
0.00115851
0.000569726
-0.000233695
0.000216831
0.000779494
0.000953038
-0.00039
-0.000672671
0.000754346
0.000147463
-0.000705327
-0.000224913
0.000325117
0.000487883
-0.000905982
-0.00118123
0.000260239
-0.000345928
-0.00124106
-0.000798301
-0.000219652
-3.68667e-05
-0.00141195
-0.00171327
-0.000305316
-0.000885244
-0.00171068
-0.00129593
-0.000759326
-0.000551402
-0.00191667
-0.00219448
-0.000808101
-0.00137657
-0.00221217
-0.00176919
-0.00118053
-0.000996423
-0.00240032
-0.00264059
-0.00117247
-0.00177663
-0.00261297
-0.0021846
-0.00156447
-0.00137098
-0.00273682
-0.00300621
-0.00156955
-0.00211502
-0.00293594
-0.00251147
-0.00196738
-0.00174506
-0.00308877
-0.00338369
-0.00202715
-0.00261663
-0.0034906
-0.00308586
-0.00260598
-0.00252756
-0.00405648
-0.00451622
-0.00331113
-0.00419226
-0.00542988
-0.00545555
-0.00545432
-0.00591774
-0.00808422
-0.00926722
-0.00894127
-0.0106755
-0.0128859
-0.0139398
-0.0150558
-0.016703
-0.0201042
-0.0225731
-0.0235299
-0.0266106
-0.030258
-0.0327484
-0.0353579
-0.0384509
-0.0433407
-0.0473101
-0.049828
-0.0544151
-0.0595208
-0.0634659
-0.0675484
-0.0720755
-0.0783902
-0.0836802
-0.0875617
-0.0934436
-0.0998566
-0.10501
-0.110322
-0.115995
-0.123458
-0.129878
-0.134839
-0.141696
-0.149087
-0.155238
-0.161505
-0.168053
-0.176304
-0.183446
-0.189325
-0.196881
-0.204937
-0.211692
-0.218585
-0.225713
-0.234491
-0.242154
-0.248443
-0.256461
-0.264911
-0.272114
-0.27928
-0.28675
-0.295646
-0.303655
-0.310144
-0.318402
-0.326795
-0.334196
-0.3415
-0.34907
-0.358032
-0.365974
-0.372462
-0.380691
-0.389108
-0.396348
-0.403497
-0.410975
-0.419715
-0.427444
-0.433822
-0.441795
-0.450024
-0.45704
-0.463991
-0.471168
-0.479617
-0.487155
-0.493201
-0.50081
-0.508665
-0.515386
-0.521957
-0.528762
-0.536805
-0.543918
-0.549627
-0.556845
-0.564291
-0.570548
-0.576776
-0.583159
-0.590666
-0.597361
-0.602621
-0.609422
-0.616295
-0.622198
-0.627848
-0.633876
-0.640854
-0.647017
-0.651903
-0.65814
-0.66451
-0.669951
-0.675112
-0.680634
-0.687054
-0.692733
-0.697172
-0.702887
-0.708739
-0.713719
-0.718378
-0.723456
-0.729359
-0.73454
-0.738481
-0.743737
-0.749078
-0.753578
-0.757718
-0.762329
-0.767724
-0.772424
-0.775903
-0.780679
-0.785569
-0.789625
-0.793273
-0.797415
-0.802364
-0.806618
-0.809598
-0.813987
-0.818384
-0.822015
-0.82523
-0.828929
-0.833442
-0.837279
-0.839874
-0.843799
-0.847748
-0.850994
-0.853791
-0.857133
-0.861196
-0.864606
-0.866778
-0.870374
-0.873927
-0.876778
-0.879176
-0.882132
-0.885845
-0.8889
-0.890692
-0.893892
-0.897056
-0.899609
-0.901661
-0.904227
-0.907574
-0.910288
-0.911784
-0.914631
-0.917434
-0.919616
-0.921362
-0.923649
-0.926637
-0.929056
-0.930157
-0.932741
-0.935228
-0.937113
-0.938556
-0.940462
-0.943192
-0.945321
-0.946104
-0.948353
-0.950605
-0.952172
-0.953333
-0.954949
-0.957352
-0.959212
-0.959779
-0.961738
-0.963626
-0.964926
-0.96586
-0.967175
-0.969329
-0.970947
-0.971146
-0.972895
-0.974534
-0.975549
-0.976237
-0.977259
-0.979137
-0.980525
-0.980479
-0.981973
-0.983328
-0.984101
-0.98455
-0.985338
-0.986958
-0.988113
-0.987786
-0.98903
-0.990166
-0.99071
-0.990907
-0.991445
-0.992813
-0.993791
-0.993243
-0.994203
-0.995127
-0.995403
-0.995438
-0.995734
-0.996863
-0.997582
-0.996795
-0.99758
-0.998267
-0.998328
-0.998068
-0.998191
-0.999113
-0.999608
-0.998629
-0.99917
-0.999651
-0.999526
-0.999085
-0.998966
-0.999691
-1
-0.998826
-0.999162
-0.999431
-0.999088
-0.998469
-0.99822
-0.998713
-0.998817
-0.997424
-0.997627
-0.99771
-0.997188
-0.996363
-0.995919
-0.996256
-0.996219
-0.994683
-0.994648
-0.994572
-0.993854
-0.992922
-0.992298
-0.992477
-0.992229
-0.990549
-0.99038
-0.990114
-0.989271
-0.988155
-0.987373
-0.987414
-0.98702
-0.985175
-0.984864
-0.98444
-0.98345
-0.982191
-0.981266
-0.981168
-0.980619
-0.978634
-0.978185
-0.977657
-0.976521
-0.9751
-0.974042
-0.973817
-0.973159
-0.971011
-0.970461
-0.969754
-0.968515
-0.966978
-0.965783
-0.965438
-0.964621
-0.96235
-0.961694
-0.960885
-0.959485
-0.957776
-0.956506
-0.956051
-0.955099
-0.95271
-0.951894
-0.951
-0.949487
-0.947698
-0.946255
-0.945682
-0.944654
-0.942119
-0.941212
-0.940186
-0.938555
-0.93665
-0.935125
-0.934406
-0.933262
-0.930625
-0.92961
-0.928502
-0.926756
-0.924726
-0.923083
-0.922291
-0.921054
-0.918307
-0.917171
-0.915943
-0.914097
-0.911972
-0.910228
-0.909333
-0.907986
-0.905142
-0.903919
-0.902637
-0.900649
-0.898429
-0.896601
-0.895633
-0.894186
-0.891263
-0.889924
-0.888511
-0.886481
-0.884207
-0.88224
-0.881214
-0.87966
-0.876673
-0.875258
-0.87377
-0.871657
-0.869258
-0.867252
-0.866149
-0.864522
-0.861408
-0.859956
-0.85842
-0.856213
-0.853729
-0.851639
-0.850461
-0.848781
-0.845623
-0.844048
-0.842431
-0.840153
-0.837639
-0.835489
-0.834253
-0.832474
-0.829226
-0.827633
-0.825984
-0.823599
-0.821013
-0.818779
-0.817513
-0.815692
-0.812362
-0.810699
-0.808986
-0.806569
-0.803909
-0.801621
-0.800304
-0.798424
-0.795072
-0.79331
-0.791533
-0.789079
-0.786378
-0.784056
-0.782667
-0.780708
-0.777313
-0.775535
-0.773728
-0.771183
-0.768427
-0.76603
-0.764615
-0.76265
-0.759171
-0.757306
-0.755493
-0.752907
-0.750122
-0.747666
-0.746187
-0.744186
-0.740665
-0.738779
-0.736929
-0.734282
-0.731439
-0.728913
-0.727482
-0.725398
-0.721832
-0.719883
-0.717984
-0.715329
-0.712483
-0.709936
-0.708425
-0.706312
-0.702732
-0.700768
-0.698841
-0.696135
-0.693218
-0.690655
-0.689164
-0.687006
-0.683381
-0.681391
-0.67949
-0.676724
-0.673808
-0.671189
-0.669713
-0.667539
-0.663872
-0.661879
-0.659944
-0.657164
-0.654237
-0.65161
-0.650092
-0.647912
-0.644299
-0.642244
-0.640312
-0.637516
-0.634589
-0.631952
-0.630478
-0.628254
-0.624603
-0.622574
-0.620684
-0.617845
-0.614911
-0.612284
-0.610835
-0.608582
-0.604939
-0.602915
-0.601028
-0.598228
-0.595279
-0.592639
-0.591192
-0.589025
-0.585362
-0.583316
-0.581433
-0.578631
-0.57573
-0.573104
-0.571687
-0.569459
-0.565835
-0.563839
-0.562022
-0.559205
-0.556274
-0.553666
-0.552299
-0.55012
-0.546483
-0.544478
-0.542695
-0.53993
-0.536976
-0.534389
-0.533073
-0.530879
-0.52731
-0.525348
-0.523551
-0.520757
-0.5179
-0.515334
-0.514022
-0.511799
-0.508277
-0.506334
-0.504607
-0.50182
-0.498977
-0.496411
-0.495161
-0.493028
-0.489444
-0.487507
-0.485839
-0.483093
-0.480271
-0.477721
-0.476486
-0.474342
-0.470797
-0.468894
-0.467288
-0.464534
-0.461733
-0.45921
-0.458033
-0.455908
-0.452383
-0.450507
-0.448887
-0.446214
-0.443384
-0.440918
-0.439758
-0.437646
-0.434182
-0.432308
-0.430775
-0.428075
-0.425293
-0.422872
-0.421788
-0.419667
-0.416214
-0.414388
-0.412896
-0.41021
-0.407476
-0.405059
-0.404029
-0.401951
-0.398563
-0.396799
-0.395264
-0.392651
-0.389939
-0.387567
-0.386544
-0.384495
-0.381119
-0.379442
-0.378009
-0.37542
-0.372728
-0.370366
-0.369479
-0.367485
-0.364128
-0.362434
-0.361066
-0.358518
-0.35587
-0.353597
-0.3527
-0.350766
-0.347483
-0.345882
-0.344551
-0.342028
-0.339444
-0.337226
-0.33642
-0.334502
-0.331231
-0.329668
-0.328442
-0.325981
-0.323422
-0.321266
-0.320523
-0.318673
-0.315502
-0.313989
-0.312791
-0.310413
-0.30792
-0.305799
-0.305131
-0.303328
-0.300212
-0.298781
-0.297711
-0.295322
-0.292915
-0.290859
-0.29029
-0.28853
-0.285444
-0.284094
-0.283036
-0.280763
-0.2784
-0.276415
-0.275873
-0.274213
-0.271216
-0.269918
-0.268946
-0.266728
-0.264424
-0.262501
-0.26207
-0.260437
-0.257502
-0.256235
-0.255361
-0.25322
-0.250954
-0.249107
-0.248739
-0.247189
-0.244284
-0.243082
-0.242283
-0.240186
-0.238009
-0.236184
-0.235884
-0.234385
-0.231558
-0.230436
-0.229681
-0.227632
-0.225503
-0.22377
-0.223558
-0.222062
-0.219271
-0.218224
-0.217548
-0.215542
-0.213451
-0.211775
-0.211596
-0.210202
-0.207466
-0.206476
-0.205838
-0.203875
-0.201862
-0.200219
-0.200122
-0.198777
-0.196095
-0.195109
-0.194578
-0.192672
-0.19069
-0.189124
-0.189073
-0.187772
-0.185147
-0.184273
-0.183754
-0.181893
-0.179974
-0.178459
-0.178481
-0.177245
-0.174644
-0.173812
-0.173368
-0.171591
-0.169715
-0.168227
-0.16832
-0.167153
-0.164648
-0.163858
-0.163458
-0.161716
-0.159936
-0.158517
-0.158669
-0.157544
-0.155072
-0.154378
-0.154059
-0.152356
-0.15063
-0.149236
-0.149488
-0.14842
-0.146
-0.145323
-0.14511
-0.143493
-0.141816
-0.140466
-0.140762
-0.139796
-0.137448
-0.13684
-0.136644
-0.135091
-0.133442
-0.132226
-0.132561
-0.131634
-0.129332
-0.128818
-0.128715
-0.127199
-0.125646
-0.124434
-0.124853
-0.124005
-0.121766
-0.121317
-0.121234
-0.119791
-0.118308
-0.117196
-0.117669
-0.116869
-0.114676
-0.114278
-0.114284
-0.112901
-0.111479
-0.110393
-0.110941
-0.1102
-0.108061
-0.107699
-0.107793
-0.106446
-0.105064
-0.104084
-0.104667
-0.103978
-0.101895
-0.101611
-0.101747
-0.100423
-0.0990946
-0.0981753
-0.098838
-0.0981762
-0.0961453
-0.0959376
-0.0961106
-0.09486
-0.093572
-0.0926772
-0.0933586
-0.0927733
-0.0908219
-0.0906033
-0.0907819
-0.0896347
-0.0883862
-0.0875442
-0.0882694
-0.0877294
-0.0857864
-0.0856635
-0.0858929
-0.0847554
-0.083556
-0.0827227
-0.0835032
-0.0830021
-0.0811039
-0.0810085
-0.0813011
-0.0801796
-0.0790158
-0.0782495
-0.0790698
-0.078603
-0.0767141
-0.0766275
-0.0769747
-0.0758855
-0.0747888
-0.0740512
-0.0748576
-0.074456
-0.0725985
-0.0725861
-0.0729335
-0.0718699
-0.0707894
-0.07009
-0.0709681
-0.0705789
-0.0687158
-0.0687679
-0.0691585
-0.0681317
-0.0670741
-0.0663633
-0.0672911
-0.0669568
-0.0651577
-0.0651739
-0.0655819
-0.0646151
-0.0635953
-0.0629539
-0.0638662
-0.0635641
-0.061803
-0.0618739
-0.0623064
-0.0613527
-0.0603444
-0.0597547
-0.0607092
-0.0604321
-0.0586951
-0.0587753
-0.0592866
-0.0583936
-0.0573855
-0.0568046
-0.0577937
-0.0575892
-0.0558512
-0.0559853
-0.0564669
-0.0556208
-0.0547024
-0.0541417
-0.0551515
-0.0549511
-0.0532591
-0.0534323
-0.0539741
-0.0531195
-0.0521878
-0.0516821
-0.052755
-0.0526056
-0.0508991
-0.0511101
-0.0516548
-0.0508715
-0.0499737
-0.0494678
-0.0505463
-0.0504149
-0.0487744
-0.0489881
-0.0495608
-0.0487961
-0.0479615
-0.0474637
-0.0485652
-0.0484508
-0.0468334
-0.0470806
-0.0476839
-0.0469377
-0.0460879
-0.0456045
-0.0467687
-0.0466905
-0.045092
-0.0453501
-0.0459701
-0.0452251
-0.0444182
-0.0439732
-0.0451275
-0.045053
-0.0434495
-0.0437714
-0.0443887
-0.043653
-0.0428567
-0.0424258
-0.0436092
-0.0435698
-0.0419791
-0.0422773
-0.042918
-0.0422005
-0.0414338
-0.0410279
-0.0421739
-0.0421471
-0.0405915
-0.0409263
-0.0415499
-0.0408692
-0.0400695
-0.0396889
-0.0408632
-0.0408346
-0.0392487
-0.0395848
-0.040239
-0.0395569
-0.0387703
-0.0383632
-0.0395391
-0.0395526
-0.0379945
-0.0383128
-0.0389601
-0.0382734
-0.0374874
-0.0371056
-0.038275
-0.0382689
-0.0366762
-0.0370355
-0.0376933
-0.036982
-0.0362233
-0.0358146
-0.0369852
-0.0369951
-0.0354155
-0.035731
-0.0364127
-0.0357056
-0.0349205
-0.0345402
-0.0357265
-0.0356901
-0.0341215
-0.0344536
-0.0350909
-0.0344204
-0.0336473
-0.033235
-0.0344156
-0.0344166
-0.032806
-0.033119
-0.0337938
-0.0331148
-0.0323488
-0.0319314
-0.0330879
-0.0330762
-0.0315078
-0.0318484
-0.0325052
-0.0317895
-0.0310163
-0.0306257
-0.0317855
-0.0317978
-0.030176
-0.0305264
-0.0312039
-0.0304894
-0.0297031
-0.0292884
-0.0304567
-0.0304729
-0.0289048
-0.0292376
-0.0298355
-0.0291701
-0.0284078
-0.0280002
-0.0291334
-0.029147
-0.0275492
-0.0279149
-0.0285428
-0.0278197
-0.0270632
-0.0266647
-0.0278493
-0.0278688
-0.0261902
-0.026544
-0.0272163
-0.0265326
-0.0257381
-0.0253495
-0.0264682
-0.0265038
-0.0249006
-0.0252394
-0.0258536
-0.0251542
-0.0243713
-0.0239845
-0.0250918
-0.0251108
-0.023516
-0.0238276
-0.0244476
-0.0237417
-0.022955
-0.0225557
-0.0237108
-0.0236969
-0.022044
-0.0223555
-0.0230149
-0.0222956
-0.0214504
-0.0210365
-0.0221927
-0.0221836
-0.0205527
-0.0208444
-0.0214675
-0.0207461
-0.0199317
-0.0195053
-0.0205856
-0.0205821
-0.0189282
-0.0192488
-0.0198363
-0.0190866
-0.0182816
-0.0178407
-0.0189388
-0.0188952
-0.017202
-0.0175286
-0.0180978
-0.0173646
-0.0164916
-0.0160282
-0.0171217
-0.0171011
-0.0153864
-0.0156631
-0.0162421
-0.015482
-0.0146024
-0.0141266
-0.0151797
-0.0151356
-0.0134381
-0.0137186
-0.0142404
-0.0134535
-0.0125795
-0.0121167
-0.0131663
-0.0130977
-0.0113718
-0.0116091
-0.0121466
-0.0113882
-0.0104563
-0.00998177
-0.0110178
-0.0109377
-0.00916001
-0.00942291
-0.00993518
-0.00913313
-0.00820764
-0.00771125
-0.00872263
-0.00865898
-0.00687601
-0.00711018
-0.00759796
-0.00680129
-0.0058797
-0.00531282
-0.00632754
-0.00626945
-0.00446364
-0.0046709
-0.00513941
-0.00433632
-0.00339654
-0.00285708
-0.00382344
-0.00373993
-0.00194955
-0.00216595
-0.00262252
-0.00178711
-0.000808346
-0.000281035
-0.00127847
-0.00115515
0.00067313
0.000476177
4.75121e-06
0.000825402
0.00180203
0.0023844
0.00143161
0.00152593
0.00332805
0.00316398
0.00273467
0.00355893
0.00454362
0.00508564
0.00415286
0.00427657
0.00614424
0.00596535
0.00551979
0.00637304
0.00741457
0.00796267
0.00701954
0.00711985
0.00901174
0.008845
0.00842532
0.00927833
0.0103185
0.0108751
0.0099736
0.0100978
0.0119778
0.011824
0.0114249
0.0122746
0.0133052
0.0138924
0.0129833
0.0131344
0.0150515
0.0148436
0.0144843
0.0153688
0.0164371
0.0169934
0.016128
0.0162883
0.0181959
0.0180405
0.0176532
0.0185381
0.0196217
0.0202495
0.0193539
0.0194748
0.0214232
0.0212632
0.0209393
0.0218178
0.0228829
0.0235076
0.0226578
0.0228145
0.0247421
0.0245869
0.0242688
0.0251731
0.0262831
0.0268669
0.0260252
0.0261889
0.0281701
0.0280369
0.0276847
0.0285653
0.0297064
0.0303493
0.0294697
0.0296323
0.0316048
0.0314701
0.0311945
0.0320497
0.033178
0.0337886
0.0329705
0.0331378
0.0351204
0.0349823
0.0346597
0.0355406
0.0366788
0.0372954
0.0364584
0.0366194
0.0386263
0.0384961
0.0381551
0.0390461
0.0402081
0.0408379
0.0400198
0.0401553
0.0421636
0.0419991
0.041712
0.0426026
0.0437359
0.0443492
0.043522
0.0436947
0.0456762
0.0455352
0.045269
0.0461237
0.047279
0.0479096
0.047036
0.047197
0.0492372
0.0490644
0.048763
0.0496419
0.0507933
0.0514198
0.0505921
0.0506956
0.0527404
0.0525893
0.0522851
0.0531621
0.0543228
0.0548957
0.0540835
0.0542211
0.0562721
0.0560811
0.0557716
0.0566366
0.0578083
0.058414
0.0575802
0.0576983
0.0596823
0.0595154
0.0592264
0.0600844
0.0612211
0.0617988
0.0609782
0.0611106
0.0631175
0.0629476
0.0626315
0.0634868
0.0646374
0.0652221
0.0643606
0.0644595
0.0664987
0.0663004
0.065996
0.0668305
0.0679931
0.0685572
0.0677131
0.0678147
0.0698183
0.0696346
0.069333
0.0701302
0.0712895
0.0718505
0.0710106
0.0711008
0.0731191
0.072912
0.0725794
0.073421
0.0745565
0.0751043
0.0742634
0.0743254
0.0763436
0.0761156
0.0758098
0.0766003
0.0777512
0.0783208
0.0774385
0.0775243
0.0795034
0.0793219
0.0789695
0.0797746
0.0808784
0.08143
0.0805599
0.0806352
0.0825939
0.0823322
0.082018
0.0828048
0.0839273
0.0844156
0.0835261
0.0835962
0.0855776
0.085326
0.084926
0.0857089
0.086786
0.087342
0.0864247
0.0864459
0.088388
0.0881356
0.0877895
0.0885143
0.0895883
0.0900849
0.0891702
0.0891847
0.0911531
0.0908112
0.0904426
0.0911625
0.0922506
0.0927272
0.0917968
0.0917937
0.0936897
0.0934033
0.0930045
0.0937315
0.094753
0.0952036
0.0942704
0.0942531
0.0961353
0.0958389
0.0954248
0.096113
0.0971631
0.0975728
0.0966098
0.0965782
0.0984846
0.0981495
0.0976789
0.0984054
0.0993998
0.0998526
0.0988757
0.0988399
0.100689
0.100384
0.0999128
0.100585
0.101573
0.102002
0.101004
0.100943
0.102807
0.102439
0.101963
0.102647
0.103625
0.104019
0.103021
0.102924
0.104773
0.104391
0.103911
0.104588
0.10551
0.105923
0.104891
0.104775
0.106624
0.106226
0.10576
0.106346
0.107289
0.107694
0.106657
0.106508
0.108343
0.107919
0.107422
0.107995
0.108951
0.109294
0.108228
0.108123
0.109904
0.109467
0.108944
0.109536
0.110446
0.110761
0.109705
0.109554
0.111335
0.110851
0.110326
0.110891
0.111799
0.112121
0.111023
0.110824
0.112574
0.11214
0.11158
0.112106
0.112962
0.113277
0.112148
0.111975
0.113705
0.113189
0.112608
0.113126
0.114021
0.114266
0.113118
0.112879
0.114643
0.114118
0.113535
0.114002
0.114824
0.115102
0.113963
0.113729
0.115374
0.114845
0.114262
0.114748
0.115527
0.115754
0.114587
0.114308
0.116009
0.115442
0.114818
0.11525
0.116091
0.116283
0.115067
0.114782
0.116468
0.115908
0.115238
0.115685
0.116444
0.116644
0.115444
0.115159
0.116761
0.116197
0.115508
0.115962
0.116734
0.116905
0.115666
0.11538
0.116997
0.116404
0.115707
0.116096
0.116868
0.117041
0.115804
0.115484
0.11706
0.116473
0.115761
0.116143
0.116856
0.117046
0.11578
0.115443
0.117052
0.116422
0.115703
0.116077
0.116796
0.11694
0.115687
0.115333
0.116904
0.116276
0.115539
0.115905
0.116625
0.116788
0.115481
0.115118
0.116673
0.116058
0.11531
0.115633
0.116373
0.116501
0.115204
0.114807
0.116369
0.115709
0.11497
0.115327
0.115989
0.116111
0.114816
0.114468
0.115994
0.115317
0.114562
0.114886
0.115573
0.115715
0.114352
0.113968
0.11549
0.114844
0.114084
0.11436
0.115056
0.115148
0.113841
0.113417
0.114945
0.114252
0.113465
0.113791
0.114433
0.114528
0.113169
0.112769
0.114275
0.113585
0.112797
0.113073
0.113717
0.113806
0.112436
0.112014
0.113515
0.112826
0.111971
0.112274
0.112915
0.112991
0.111598
0.111187
0.112661
0.111966
0.111132
0.111408
0.112009
0.112093
0.110697
0.110274
0.111744
0.111
0.110197
0.110464
0.111079
0.111088
0.109714
0.109271
0.110763
0.110015
0.109155
0.109437
0.110061
0.110107
0.108683
0.10823
0.109698
0.10899
0.108142
0.108385
0.108985
0.109023
0.107647
0.107177
0.108625
0.107889
0.107059
0.107308
0.107903
0.10792
0.106546
0.106102
0.107541
0.106808
0.105949
0.106225
0.106816
0.106855
0.105429
0.104998
0.106457
0.105706
0.104843
0.105112
0.105706
0.10576
0.104383
0.103895
0.10534
0.1046
0.103782
0.104034
0.104594
0.104639
0.103267
0.10282
0.104248
0.103502
0.102663
0.102947
0.103545
0.103563
0.102168
0.101716
0.103191
0.102458
0.101581
0.101845
0.102448
0.102522
0.101136
0.100651
0.102095
0.101377
0.100556
0.100793
0.101368
0.101437
0.100032
0.0995902
0.101053
0.100295
0.0994498
0.0997351
0.100327
0.100379
0.0989727
0.0985188
0.099985
0.099236
0.0984164
0.0986794
0.0992626
0.0993272
0.0979133
0.0974517
0.0989172
0.0981941
0.0973722
0.0976172
0.0982027
0.0982523
0.0968878
0.096438
0.0979045
0.0971367
0.096324
0.0965942
0.0971989
0.0972517
0.0958628
0.095429
0.0968978
0.0961602
0.0953325
0.0956155
0.0962179
0.0962572
0.0948983
0.0944452
0.0959238
0.0952179
0.0943667
0.0946622
0.0952932
0.0953717
0.09399
0.0935593
0.0950258
0.0943179
0.093497
0.0937837
0.0943975
0.094462
0.0931035
0.092702
0.094172
0.0934995
0.0926725
0.0929779
0.0935989
0.0936777
0.0923062
0.0918669
0.093384
0.0926859
0.0918836
0.0921956
0.0928201
0.0928849
0.0915577
0.0911253
0.092639
0.0919591
0.0911507
0.0914659
0.0920757
0.0921721
0.0908613
0.0904655
0.0919258
0.0912604
0.0904625
0.0908131
0.0914354
0.0915307
0.0902162
0.0897981
0.0913136
0.090632
0.0898462
0.0901695
0.090824
0.0909486
0.0896349
0.0892486
0.0907448
0.0900808
0.0893145
0.0896444
0.0903047
0.0904542
0.0891103
0.0887263
0.0902545
0.0896131
0.0888254
0.0891754
0.0898674
0.0899799
0.0886816
0.0883054
0.0898453
0.0891798
0.0884151
0.0888099
0.0894336
0.0895892
0.0882808
0.0879411
0.0895294
0.0888708
0.0880986
0.0884728
0.0891593
0.0893056
0.0880068
0.0876598
0.0892074
0.0886017
0.0878633
0.0882435
0.088898
0.0890841
0.0878304
0.0874945
0.0890222
0.0883901
0.0876846
0.0880846
0.0887794
0.0889369
0.0876268
0.0873171
0.0889272
0.0883284
0.0875878
0.0879378
0.0886648
0.0888613
0.0876112
0.0872516
0.0888129
0.0882319
0.0875133
0.0879308
0.0886114
0.0887982
0.0875364
0.0872483
0.0888226
0.0882312
0.0875219
0.0879312
0.0886632
0.0888445
0.0875867
0.0872845
0.0888892
0.0882915
0.087591
0.0879836
0.0887107
0.0889477
0.0876921
0.087418
0.088989
0.0884129
0.0877504
0.0881712
0.0888935
0.0891062
0.0878383
0.0875514
0.0891698
0.0885777
0.0878907
0.0883398
0.0890957
0.089281
0.088062
0.0877732
0.0893721
0.0887991
0.0881422
0.0885674
0.089311
0.0895382
0.0882864
0.0880356
0.0896338
0.0890854
0.0884092
0.0888423
0.0896045
0.0898076
0.0886128
0.0883125
0.089975
0.0893808
0.0887392
0.0891784
0.0899361
0.0901845
0.0889434
0.0886895
0.0903363
0.0897777
0.0890965
0.0895343
0.0903292
0.0905684
0.0893422
0.0890797
0.0907149
0.0901953
0.089538
0.0899976
0.0907715
0.0909958
0.0898028
0.0895546
0.0912096
0.0906489
0.0899807
0.0904644
0.0912693
0.091493
0.0902766
0.0900558
0.0917181
0.0911895
0.0905435
0.0910345
0.0917952
0.0920425
0.0908609
0.0906085
0.0923047
0.0917661
0.0911067
0.0916151
0.0923935
0.0926441
0.0914664
0.0912116
0.0928871
0.0923597
0.0917389
0.0922001
0.0930021
0.0932864
0.0920869
0.091858
0.0935219
0.093003
0.0923792
0.0928746
0.0936796
0.0939147
0.0927476
0.092524
0.0941955
0.09368
0.0930169
0.0935311
0.0943382
0.094638
0.0934197
0.093183
0.0948834
0.0943851
0.0937476
0.0942135
0.0950187
0.0953131
0.0941601
0.0939061
0.0955678
0.0950876
0.0944933
0.0949687
0.0957767
0.0960429
0.0948851
0.0946802
0.0963547
0.0958641
0.0952018
0.0957157
0.0965623
0.0968335
0.095642
0.0954138
0.0971119
0.096627
0.0960177
0.0964972
0.0973034
0.0975859
0.0964441
0.0962388
0.0979038
0.0973876
0.0967527
0.0972914
0.0981083
0.0983818
0.0972195
0.0969902
0.098686
0.0981881
0.0975758
0.0980806
0.0988884
0.0991607
0.097992
0.097793
0.0994588
0.0989604
0.0983667
0.0988429
0.0996682
0.0999599
0.0987778
0.0985654
0.100262
0.0997708
0.099123
0.0996162
0.100444
0.100728
0.0995371
0.0993171
0.100993
0.100511
0.0998954
0.100394
0.101178
0.101444
0.100305
0.100065
0.101749
0.101221
0.100593
0.101098
0.101938
0.102196
0.101019
0.100755
0.102464
0.101976
0.101345
0.101824
0.102608
0.102892
0.101714
0.101495
0.103123
0.102649
0.102042
0.102498
0.103322
0.103581
0.102398
0.102189
0.103868
0.103318
0.10269
0.103191
0.103996
0.104246
0.103052
0.102838
0.104525
0.104001
0.103363
0.103848
0.104636
0.104925
0.103722
0.103469
0.105142
0.104621
0.103999
0.104481
0.105252
0.10556
0.10434
0.104102
0.105771
0.105235
0.104588
0.105082
0.105866
0.10611
0.104933
0.104703
0.106337
0.105809
0.105148
0.105631
0.106442
0.106712
0.105493
0.105209
0.106866
0.106322
0.105689
0.106174
0.106927
0.107178
0.105978
0.105745
0.107376
0.106836
0.106162
0.10664
0.107438
0.107655
0.106422
0.106186
0.10783
0.10727
0.10662
0.107061
0.107855
0.108106
0.106868
0.106581
0.108242
0.107697
0.107026
0.107463
0.108222
0.108505
0.107256
0.106986
0.108605
0.108058
0.10741
0.107841
0.108611
0.108844
0.107576
0.107344
0.108962
0.108383
0.107705
0.108157
0.108925
0.109139
0.107894
0.107617
0.109244
0.10871
0.107994
0.108417
0.109194
0.109423
0.108172
0.107887
0.109502
0.108943
0.108281
0.108695
0.109432
0.109627
0.108432
0.108139
0.109749
0.109153
0.108444
0.108896
0.109652
0.109826
0.108555
0.108289
0.109918
0.109324
0.108619
0.108987
0.109761
0.109986
0.108736
0.108416
0.110006
0.109404
0.108718
0.109133
0.109847
0.11003
0.108795
0.108484
0.110077
0.109489
0.108784
0.109186
0.109905
0.110097
0.108816
0.108521
0.110093
0.109499
0.108763
0.109163
0.109919
0.110091
0.108816
0.108494
0.110079
0.10948
0.108749
0.109166
0.109856
0.110014
0.10875
0.108437
0.110014
0.109385
0.108671
0.109055
0.109772
0.109958
0.108643
0.108324
0.109853
0.109284
0.108519
0.1089
0.109617
0.109771
0.108482
0.108124
0.109721
0.109115
0.108375
0.108749
0.109451
0.109605
0.108309
0.107956
0.109505
0.1089
0.108175
0.108539
0.109222
0.109378
0.10806
0.107769
0.109276
0.108633
0.107878
0.108267
0.108959
0.109105
0.107805
0.107429
0.10898
0.108381
0.107619
0.107978
0.108666
0.108806
0.107496
0.107165
0.108678
0.108056
0.107268
0.107651
0.108302
0.10845
0.107142
0.106781
0.108324
0.107677
0.106916
0.107269
0.107925
0.108072
0.106747
0.106378
0.107923
0.107267
0.106489
0.106832
0.107509
0.107641
0.106322
0.105956
0.107487
0.106816
0.106043
0.106376
0.10703
0.107168
0.105832
0.105469
0.106967
0.106312
0.10556
0.105912
0.106538
0.106663
0.105323
0.104965
0.106465
0.105787
0.104992
0.10533
0.105989
0.106118
0.104753
0.104354
0.105894
0.105255
0.104441
0.104756
0.105374
0.105522
0.104191
0.10377
0.105295
0.104613
0.103813
0.104145
0.104786
0.104876
0.103518
0.103148
0.104643
0.103979
0.103151
0.10347
0.104118
0.104232
0.10287
0.102479
0.103942
0.103295
0.102503
0.102826
0.103451
0.103549
0.102199
0.101814
0.103309
0.10262
0.101796
0.102123
0.102744
0.102856
0.101496
0.101091
0.102589
0.101914
0.101108
0.101401
0.102049
0.102154
0.100776
0.100381
0.101893
0.101163
0.100385
0.100694
0.101306
0.101428
0.100025
0.0996532
0.101126
0.100452
0.0996184
0.0999393
0.100566
0.100669
0.0993152
0.0988997
0.100396
0.0996862
0.0988801
0.0991829
0.09982
0.0999054
0.0985478
0.0981554
0.0996162
0.0989388
0.0981371
0.098435
0.0990713
0.0991672
0.0978023
0.097409
0.0988643
0.0982136
0.0973908
0.097666
0.0983143
0.0984098
0.0970714
0.0966444
0.0981184
0.0974184
0.096655
0.0969415
0.0975456
0.0976422
0.0962823
0.0959
0.0973579
0.0966979
0.0958491
0.0961592
0.0967834
0.096905
0.0955198
0.0951168
0.0965977
0.0959372
0.0951045
0.0954514
0.0960617
0.0961511
0.0947654
0.0943519
0.0958294
0.0951664
0.0943646
0.0946841
0.0953062
0.0953995
0.0940554
0.0936582
0.0951359
0.0944679
0.0936634
0.0939818
0.094606
0.0947162
0.0933625
0.0929786
0.0944821
0.0937726
0.092996
0.0933224
0.093968
0.0940614
0.0927154
0.0923316
0.0938158
0.0931652
0.0923432
0.0926686
0.0933146
0.0934234
0.0920835
0.0917316
0.0932105
0.0925317
0.0917625
0.0920914
0.0927197
0.0928469
0.0914801
0.0911225
0.0926581
0.0919829
0.0911912
0.0915
0.0921693
0.0923032
0.0909843
0.0905844
0.0920901
0.0914532
0.0906404
0.0910165
0.0916397
0.0917535
0.0904531
0.0900657
0.0915965
0.0909113
0.0901469
0.0904793
0.0911384
0.0912764
0.0899333
0.0895537
0.0910799
0.0904349
0.0896573
0.0900179
0.0906477
0.0907936
0.0894992
0.0891269
0.0906262
0.0899697
0.0892205
0.0895814
0.0902268
0.0903516
0.089027
0.0886938
0.0901997
0.0895599
0.088778
0.0891164
0.0898082
0.0899458
0.0886288
0.0882813
0.0897978
0.0891499
0.0883946
0.0887501
0.0893933
0.0895531
0.0882097
0.0878728
0.0893908
0.088764
0.0879957
0.0883426
0.0890109
0.0891507
0.0878468
0.0874714
0.0889788
0.0883471
0.0876033
0.087971
0.0886285
0.0887552
0.0874417
0.0871071
0.0886071
0.0879944
0.0872229
0.0875828
0.0882337
0.0884101
0.0870789
0.0867656
0.0882698
0.0876354
0.086886
0.087265
0.0879202
0.0880608
0.0867763
0.0863978
0.0879333
0.0873009
0.08655
0.0869192
0.0875933
0.0877804
0.0864358
0.0861013
0.0876302
0.087034
0.0862636
0.0866602
0.0873096
0.0874682
0.0862024
0.0858454
0.0873527
0.0867294
0.0859972
0.0863881
0.0870398
0.0871995
0.0858961
0.0856197
0.0871417
0.0865355
0.0857608
0.0861543
0.0868377
0.0870199
0.085703
0.0853543
0.0869208
0.0863342
0.0855847
0.0859634
0.0866553
0.0868208
0.0855092
0.0852154
0.0867404
0.0861578
0.0854065
0.085812
0.0864782
0.0866505
0.0853691
0.0850668
0.0866119
0.0860081
0.0852542
0.085659
0.0863672
0.0865469
0.0852362
0.0849289
0.0865106
0.0859031
0.0851578
0.0855674
0.0862504
0.0864557
0.0851929
0.084844
0.0863842
0.0858095
0.0850804
0.0855106
0.0861933
0.0863778
0.085073
0.0848028
0.0863526
0.0857537
0.0850231
0.0854541
0.0861627
0.0863485
0.0850704
0.084748
0.0863398
0.085765
0.0850086
0.0854449
0.0861229
0.0863355
0.085079
0.0847965
0.0863323
0.0857327
0.0850437
0.0854867
0.0861818
0.0863823
0.0850948
0.0848101
0.086387
0.0858159
0.0850733
0.0855235
0.0862354
0.086427
0.085195
0.0848876
0.0864518
0.0858859
0.0851935
0.0856097
0.0863227
0.0865162
0.0852627
0.0849827
0.0865697
0.0860071
0.0852889
0.0857247
0.0864285
0.0866372
0.0853804
0.0850809
0.086642
0.0861232
0.0854003
0.085836
0.0865508
0.0867526
0.0855142
0.0852362
0.0867984
0.0862019
0.0855346
0.0859544
0.0866655
0.0868956
0.0856286
0.0853578
0.0869629
0.086379
0.0856721
0.0861084
0.0868455
0.0870712
0.0858127
0.0854995
0.087091
0.086547
0.0858645
0.0862893
0.0869532
0.0872098
0.0859577
0.0857086
0.0872926
0.086669
0.0860237
0.0864748
0.0871996
0.0873919
0.0861129
0.0858574
0.0874455
0.0869028
0.0861639
0.0865957
0.0873439
0.0875707
0.0863429
0.0860264
0.087632
0.0870968
0.0863695
0.0868405
0.0875022
0.087733
0.0865104
0.0862407
0.087834
0.0872486
0.0865301
0.0869846
0.0877413
0.0879378
0.0866993
0.0863866
0.0880147
0.0874382
0.0867231
0.087166
0.0878763
0.0881132
0.0868853
0.0865725
0.0881728
0.0876226
0.0869124
0.0873338
0.0880622
0.0882794
0.0870276
0.0867393
0.088329
0.0878034
0.087088
0.087512
0.0882299
0.0884228
0.0872263
0.0869407
0.0885201
0.0879461
0.0872323
0.087699
0.0884183
0.0886317
0.0873726
0.087097
0.0887078
0.088125
0.0874132
0.087853
0.0885789
0.088819
0.0875637
0.0872598
0.0888252
0.0882772
0.0876169
0.0879862
0.0887032
0.0889292
0.0877012
0.0874205
0.0889885
0.0884192
0.08771
0.0881619
0.0888982
0.0891101
0.0878226
0.0875273
0.0891244
0.0885876
0.0878507
0.0882801
0.0890009
0.0892286
0.0879784
0.0876667
0.0892548
0.0886804
0.0879925
0.0884056
0.0891236
0.0893218
0.0880643
0.087782
0.0893754
0.088807
0.0881024
0.0885211
0.0892381
0.0894649
0.0881946
0.0879011
0.089496
0.0888939
0.0882118
0.0886479
0.0893364
0.0895445
0.088333
0.0880308
0.0896133
0.0890323
0.088323
0.0887627
0.0894828
0.0896735
0.0884226
0.0881354
0.0897073
0.0891511
0.0884484
0.0888828
0.0895784
0.0897899
0.0885602
0.0882682
0.0898466
0.0892572
0.0885684
0.0890043
0.0897251
0.0899173
0.0886555
0.0883597
0.089959
0.0893926
0.0886567
0.0890726
0.0898125
0.0900598
0.0887718
0.0884734
0.0900276
0.0894828
0.088775
0.0891994
0.089901
0.0900857
0.0888615
0.0885677
0.0901483
0.0895554
0.0888572
0.0892833
0.0900061
0.090185
0.0889117
0.088619
0.0902162
0.0896455
0.0888853
0.0893046
0.0900351
0.0902347
0.088977
0.0886675
0.0902438
0.0896519
0.0889535
0.089362
0.0900673
0.0902408
0.0890004
0.088676
0.0902563
0.0896775
0.0889389
0.0893588
0.0900843
0.0902465
0.0889888
0.0886762
0.0902519
0.0896618
0.0889186
0.0893288
0.0900525
0.0902431
0.0889366
0.0886341
0.0902213
0.0896401
0.0889283
0.0892644
0.0899667
0.0901886
0.0889046
0.0885881
0.0901282
0.0895643
0.0888581
0.0892356
0.0899365
0.090113
0.0888361
0.0885362
0.090098
0.0894784
0.0887439
0.0891505
0.089866
0.0900563
0.0887354
0.0884016
0.0899679
0.0893817
0.0886507
0.0890607
0.0897304
0.0899172
0.0886583
0.0883279
0.0898622
0.0892372
0.0885183
0.0889395
0.0896069
0.089756
0.0884709
0.0881626
0.0897343
0.0891252
0.0883649
0.088755
0.0894586
0.0896263
0.0883322
0.0880011
0.0895437
0.0889573
0.0882066
0.0885922
0.0892912
0.0894559
0.0881583
0.0878323
0.0893714
0.0887417
0.0880136
0.0883919
0.0890804
0.0892497
0.0879398
0.0876239
0.0891697
0.0885728
0.0878195
0.0881994
0.0888722
0.0890653
0.0877565
0.0873882
0.0889385
0.0883446
0.0875803
0.0879881
0.0886362
0.0888117
0.0875133
0.0871958
0.0887246
0.0881145
0.0873464
0.0877454
0.0883987
0.088579
0.0872845
0.086934
0.0884897
0.0878596
0.0871403
0.0875145
0.0881523
0.0883471
0.0870403
0.0867212
0.0882533
0.0876176
0.0868841
0.0872348
0.0879207
0.0880941
0.0867968
0.0864478
0.0879772
0.087368
0.086627
0.0870113
0.0876832
0.0878285
0.0865324
0.0861761
0.0877195
0.0870958
0.086322
0.0867277
0.0873857
0.0875432
0.0862492
0.085901
0.0874303
0.0868092
0.0860376
0.086406
0.0870741
0.0872183
0.0858963
0.0855479
0.0870699
0.0864689
0.0856957
0.0860674
0.086722
0.0868843
0.0855638
0.0852353
0.0867354
0.0861034
0.0853275
0.0857088
0.0863508
0.0864951
0.0851891
0.0848217
0.0863584
0.0857223
0.0849484
0.0853198
0.0859609
0.0861186
0.0847632
0.0844301
0.085947
0.0853242
0.084541
0.0848909
0.0855701
0.0857148
0.0843902
0.0840282
0.0855315
0.084893
0.0841426
0.0844984
0.0851399
0.0852572
0.0839697
0.0836242
0.0851353
0.0844655
0.0836987
0.0840782
0.0847163
0.0848806
0.0835598
0.0831987
0.0847141
